YEAR,MO,DY,HR,ALLSKY_SFC_SW_DWN,T2M,WS10M,PS,WSC,Tp,eta
2024,1,2,23,0.0,23.080430471257213,3.094061369857264,103.94422707279472,3.686818200711496,23.080430471257213,0.18155485131828164
2024,1,3,0,0.0,23.303363180224835,3.3894298861975343,105.81046303089713,3.4789558574055355,23.303363180224835,0.18137427582401786
2024,1,3,3,1.0500333699614752,26.96866001643389,5.052467641713159,95.84825784760774,3.907236502307581,26.971810116543775,0.17840283380559954
2024,1,3,4,1.6118421710795012,27.450406993713525,5.796830450506753,97.36119135445765,3.911823708982217,27.455242520226765,0.17801125355861633
2024,1,3,6,1.8733678925907424,28.27769440562309,5.06827675736348,96.91774168346484,3.541669054533568,28.28331450930086,0.17734051524746627
2024,1,3,9,1.484676663349143,27.073624633624245,5.295265199052426,97.77018747043834,3.060649956730244,27.078078663614292,0.17831675628247243
2024,1,3,11,0.2561007789154864,26.047467033662937,5.3149485607678,110.63108631096571,3.697600675440593,26.04823533599968,0.17915092937784025
2024,1,3,13,0.0,23.77768328509597,4.259264517651868,106.32944577876133,3.9622290936761257,23.77768328509597,0.18099007653907223
2024,1,3,14,0.0,24.95242546493103,4.320296673226938,110.38675776074749,3.8982123014637047,24.95242546493103,0.18003853537340586
2024,1,3,18,0.0,24.079242311127285,3.098776049263972,104.62041540563504,2.8108973799306822,24.079242311127285,0.1807458137279869
2024,1,3,20,0.0,23.98507357359446,2.9898384623156264,98.73379159994995,2.927776645650705,23.98507357359446,0.1808220904053885
2024,1,3,22,0.0,23.65451303554709,3.2950242447312363,98.391432462942,3.2941307408164158,23.65451303554709,0.18108984444120685
2024,1,4,0,0.0,23.31408707387342,3.519325985774552,100.5099329089572,3.4581758327899688,23.31408707387342,0.1813655894701625
2024,1,4,1,0.0985126627873602,23.289942118926994,3.884660310853862,99.14376231176053,3.647049925209517,23.290237656915355,0.18138490749789854
2024,1,4,2,0.430104998686112,25.279389773410102,4.392028301083835,107.51496699365944,2.904256877836185,25.28068008840616,0.179772649128391
2024,1,4,3,0.8646455766380038,25.99383158495378,4.169197469493675,100.22353063495684,3.2793522723415203,25.996425521683694,0.1791928953274362
2024,1,4,4,1.171360383312941,28.04982628570469,4.466724409003128,96.79468024649572,3.15466013141862,28.053340366854627,0.17752679430284773
2024,1,4,7,1.3364874300795977,27.82045755204401,4.4151437685566615,106.2145863704758,2.9888579356852905,27.82446701433425,0.17771218171838926
2024,1,4,9,0.7180880220429525,28.27422710034337,4.615510625822418,107.68810327347862,3.6808714430676375,28.2763813644095,0.1773461310948283
2024,1,4,12,0.0099528914725876,25.77451077919181,3.9497657947459945,99.03839402919502,3.5291618646859377,25.774540637866227,0.17937262208332835
2024,1,4,14,0.0,24.898608957982574,4.231710527783297,104.17268519247172,4.100225464139065,24.898608957982574,0.18008212674403412
2024,1,4,15,0.0,24.100457308236106,4.049707944046672,91.92373462132376,3.4643611451044456,24.100457308236106,0.18072862958032876
2024,1,4,17,0.0,24.199601652268072,3.68285042018798,101.36383462663294,3.4748712439002563,24.199601652268072,0.18064832266166286
2024,1,4,18,0.0,24.090186218151104,3.423712388067261,91.563190001021,3.2994918776378603,24.090186218151104,0.1807369491632976
2024,1,4,22,0.0,24.410770266286587,2.8531007831619397,91.1273197107487,3.0615262787827136,24.410770266286587,0.18047727608430786
2024,1,5,3,0.8572601833982945,25.37748603882745,5.088920497491584,103.1788234835489,3.4378844072315062,25.380057819377644,0.1796921531663041
2024,1,5,6,2.3449337788927918,29.00813729243218,5.483170932780881,96.73917460143504,3.5344717772109875,29.01517209376886,0.1767477106040472
2024,1,5,7,2.2103751662799347,28.98201458037183,5.113007953159127,105.5008178572538,3.368232004093155,28.988645705870667,0.17676919697824475
2024,1,5,8,1.8234527590961644,27.702613836348547,5.038515422386971,108.53680462456396,3.752553266721325,27.708084194625837,0.17780645180235305
2024,1,5,12,0.0103917893029267,25.478328763557776,4.486319648117807,93.40950189188688,4.127642607536568,25.478359938925685,0.1796125284494702
2024,1,5,14,0.0,24.85702636293564,4.491393011186545,105.3577275627826,3.885405796992872,24.85702636293564,0.18011580864602214
2024,1,5,16,0.0,24.766241600221854,4.182556354207998,101.15289740547249,3.8592312787784135,24.766241600221854,0.18018934430382028
2024,1,5,18,0.0,23.437857110897387,3.709426675136416,92.96187560627936,4.267241868326072,23.437857110897387,0.18126533574017312
2024,1,5,20,0.0,23.25518064431294,3.808825249133062,103.71186235366996,3.967821556989816,23.25518064431294,0.1814133036781065
2024,1,5,22,0.0,23.39296797184551,4.188929828224759,102.79225314489602,4.461717972091162,23.39296797184551,0.18130169594280515
2024,1,6,1,0.0920962608329933,23.95174340629795,4.543271440200757,101.04512106065616,4.283919690712342,23.95201969508045,0.18084886404698483
2024,1,6,3,1.0521084404432683,27.267329962071603,5.317128341537282,109.47363008078656,3.936421435463764,27.270486287392934,0.17816090610721172
2024,1,6,4,1.3144591494645044,28.1258478749577,6.400467384237435,101.28521962981024,3.931062477221616,28.129791252406093,0.17746486908555106
2024,1,6,6,1.9912057333570872,29.470903184557063,6.305923822088582,110.57897442516727,3.8309462750081824,29.476876801757133,0.17637372979057672
2024,1,6,7,1.7247725729945105,27.877259118197237,5.508706145090209,100.7957021922517,3.5644500149021483,27.88243343591622,0.17766522891690786
2024,1,6,9,1.1391675612257794,27.09311256202837,5.78588638125757,92.7970893780107,3.817800048361413,27.09653006471205,0.17830181064758324
2024,1,6,11,0.2667794304446462,26.8582776594016,5.691140557268362,100.01582251413176,3.8960150253633583,26.859077997692935,0.17849414682186873
2024,1,6,12,0.0097612922933949,24.96857499158833,5.350158558224554,94.29273662033404,4.294749426718079,24.96860427546521,0.1800254305368732
2024,1,6,17,0.0,23.998157791067637,4.919413521483423,102.78879386289464,4.126522703919216,23.998157791067637,0.1808114921892352
2024,1,6,18,0.0,24.363604051829025,4.265905951709858,104.67277212320222,4.729947522008283,24.363604051829025,0.18051548071801848
2024,1,6,19,0.0,23.424826246253595,4.622381084531198,100.0841602542757,4.5298586546646336,23.424826246253595,0.18127589074053457
2024,1,6,23,0.0,24.3153888330961,5.202051226572214,92.56095614539714,4.5154245913050985,24.3153888330961,0.18055453504519214
2024,1,7,0,0.0,23.700294892462303,5.334182115057356,100.06843776747276,4.009022736952245,23.700294892462303,0.1810527611371055
2024,1,7,6,1.0724487213201574,27.375430248601983,8.034001042065574,92.371279877475,5.638400912976647,27.378647594765944,0.17807329544823958
2024,1,7,7,0.9778290188819944,27.26801382614677,8.613555210206698,104.37838099581262,6.526251387939263,27.270947313203415,0.17816053267630524
2024,1,7,14,0.0,24.06222266667486,6.220799635418477,106.67498488617962,5.2260205404059885,24.06222266667486,0.18075959963999336
2024,1,7,17,0.0,25.42174618582904,5.001907523198455,110.15436167886048,4.428287036829952,25.42174618582904,0.17965838558947847
2024,1,7,21,0.0,24.281376282124885,4.866386597975609,93.5710888122816,3.953265097124561,24.281376282124885,0.18058208521147884
2024,1,7,22,0.0,25.065855530347932,3.951979500544079,101.30262135428542,3.97047392998552,25.065855530347932,0.17994665702041818
2024,1,7,23,0.0,23.69546016440356,4.563816553498817,102.08047273163346,4.285575082968228,23.69546016440356,0.18105667726683308
2024,1,8,2,0.2418358298640047,26.289125329208478,5.6580957031675965,109.52318102930823,3.785141953106431,26.28985083669807,0.17895522082227458
2024,1,8,3,0.4504853365385409,26.917774234647208,6.038259980704553,103.61200635317437,4.597243505009361,26.919125690656823,0.17844550819056795
2024,1,8,5,0.8326327572738647,28.858444382312022,7.633003385675876,93.81142178416162,5.331810711861592,28.860942280583846,0.17687263675272707
2024,1,8,8,0.9360998677801058,28.421817886426595,7.902419229546137,99.368752151379,5.751786450805983,28.424626186029936,0.17722605278931575
2024,1,8,9,0.7141933240576277,27.779030913916635,8.0747738713577,103.7550601737738,5.614975362833131,27.781173493888808,0.17774724946995005
2024,1,8,10,0.436855487413498,28.005970812862017,6.834355639704586,104.70252675528324,4.909961678345101,28.007281379324258,0.17756410208274734
2024,1,8,12,0.00915243678689,25.34423412834336,5.590526041386391,108.1088456635888,5.063710976449674,25.34426158565372,0.17972114811562048
2024,1,8,13,0.0,24.72996040979636,5.602672672074291,94.43391164998054,5.24222477338727,24.72996040979636,0.18021873206806496
2024,1,8,14,0.0,25.316202373704183,5.527726676402798,110.07753902728705,5.198357086918885,25.316202373704183,0.1797438760772996
2024,1,8,16,0.0,24.99805687434563,5.411978140051659,92.05814300741883,4.979654847602951,24.99805687434563,0.18000157393178
2024,1,8,17,0.0,24.518189243143752,4.341053290829418,110.67328739986958,4.884971898497128,24.518189243143752,0.18039026671305355
2024,1,8,19,0.0,24.363220087378764,4.437799570464138,108.00186905800108,4.175374321042321,24.363220087378764,0.1805157917292232
2024,1,8,20,0.0,25.2191068285998,4.675521278297603,103.95885548152673,4.19954463820518,25.2191068285998,0.17982252346883418
2024,1,8,22,0.0,24.655371382793604,3.995262445437616,105.4118693933244,4.501939990455049,24.655371382793604,0.18027914917993718
2024,1,8,23,0.0,23.401203502965156,4.499344956065656,92.11230776722824,3.953973900465864,23.401203502965156,0.1812950251625982
2024,1,9,3,0.9903523586014776,26.134260141741223,5.9300295754901935,91.78330802909689,3.738003965999064,26.137231198817027,0.17907884272895822
2024,1,9,5,2.350651980624664,29.07115326887112,6.540938254946435,92.9372620271514,4.4699210130543126,29.078205224812997,0.17669665376790147
2024,1,9,7,2.382083372069708,29.002931107587063,7.302400216957583,92.41695082622373,5.03260355858747,29.01007735770327,0.17675183734026034
2024,1,9,9,1.5722610583162897,28.820090252289305,7.030258391880448,101.56340517987198,4.617311893766352,28.824807035464254,0.17690190630127395
2024,1,9,10,0.8695883845978394,26.927722927977445,6.991058462487274,94.9124565725861,5.171841971804467,26.93033169313124,0.17843643132856368
2024,1,9,14,0.0,25.363733720173183,4.529767501527245,108.28687428285032,4.197369983171101,25.363733720173183,0.17970537568665973
2024,1,9,16,0.0,25.01800541704702,4.6418783058061,99.90412218597508,4.204080551857754,25.01800541704702,0.1799854156121919
2024,1,9,19,0.0,23.67937997087875,4.239854491728787,104.72070916349298,4.404572113957786,23.67937997087875,0.1810697022235882
2024,1,9,20,0.0,24.111632650901413,4.774513586209308,103.78916983860496,4.2169140985424605,24.111632650901413,0.18071957755276985
2024,1,9,21,0.0,24.21483022254059,4.600620910093578,97.0429210858108,4.939613140711892,24.21483022254059,0.1806359875197421
2024,1,9,22,0.0,23.91226362165493,4.417616952670212,95.48944959021998,4.92421672188754,23.91226362165493,0.18088106646645952
2024,1,9,23,0.0,24.604357413316023,4.4710491054345685,97.50769976073305,4.719502491383373,24.604357413316023,0.180320470495214
2024,1,10,1,0.1033186006244136,24.975738083595974,4.031443184086353,106.80181945030812,4.0121377681606925,24.97604803939785,0.18001940108808773
2024,1,10,2,0.6198172393941535,26.091201096603115,5.142982127596862,102.66141190850158,4.008551166041505,26.093060548321297,0.17911462095585973
2024,1,10,5,2.34479677166304,27.846847138196324,4.854534826299274,95.95493144161208,3.494404640040435,27.853881528511312,0.17768835596190583
2024,1,10,7,2.5586746262996103,28.03616695439429,5.461994541931451,107.13333444189544,3.3086446874505926,28.043842978273187,0.1775344871875987
2024,1,10,8,1.93531343783068,28.022876596298016,4.971267918423484,91.66908740485604,3.370755556340788,28.02868253661151,0.17754676714534467
2024,1,10,9,1.6048686730326267,28.72275256742874,5.118946496138817,104.59717113805478,3.5702794173702643,28.727567173447838,0.17698067058950723
2024,1,10,13,0.0,24.790402917112534,3.6980063280997024,99.67105426002112,3.5562624904246767,24.790402917112534,0.18016977363713885
2024,1,10,17,0.0,23.202742797255965,4.176556979230861,105.66160321775882,3.607115916616321,23.202742797255965,0.18145577833422263
2024,1,10,18,0.0,23.504687064644436,3.5098786035533056,109.54787848043334,3.8203414293946336,23.504687064644436,0.181211203477638
2024,1,10,20,0.0,22.463699643838485,3.602925621975336,105.8091872100219,3.2433631431004826,22.463699643838485,0.18205440328849082
2024,1,10,23,0.0,23.2832589811976,3.834404860164776,99.61025370165623,3.5896539847801474,23.2832589811976,0.18139056022522995
2024,1,11,0,0.0,22.54184256324781,3.84210139901778,93.819481447498,3.8110319758371833,22.54184256324781,0.18199110752376926
2024,1,11,2,0.5653488716894018,24.67131759689491,4.794585993672373,107.23074051907622,3.5588751568868826,24.67301364350998,0.18026485894875693
2024,1,11,3,1.1986955141229192,27.19301749246949,5.841758492437115,100.2955443432963,3.591033007338638,27.19661357901186,0.17822074300100038
2024,1,11,6,2.654997496322009,28.623761991516616,6.002380820439438,92.32980268736488,4.116224357069467,28.63172698400558,0.17705830114295548
2024,1,11,7,2.888823704241,28.804139005447865,5.433840280227647,105.17440437599942,3.6249437522384618,28.812805476560587,0.17691162756398593
2024,1,11,10,1.1847703688569555,27.617443938558367,5.651246834422048,96.44081266603727,3.858662050053721,27.620998249664936,0.17787699141777139
2024,1,11,13,0.0,24.868345621020595,3.954615547221449,91.69648893036552,4.312462006151415,24.868345621020595,0.1801066400469733
2024,1,11,14,0.0,24.458324962326763,3.933339131116205,109.005904478117,3.996253199032944,24.458324962326763,0.18043875678051532
2024,1,11,17,0.0,24.157547408267234,4.166281499973014,100.57891244282348,3.704811894346281,24.157547408267234,0.18068238659930352
2024,1,11,19,0.0,24.63224880370344,3.8131971954545953,96.38417483196812,3.801530799774816,24.63224880370344,0.1802978784690002
2024,1,11,22,0.0,22.863189899368848,3.330960050306714,105.0371597295706,3.7361919690265215,22.863189899368848,0.18173081618151124
2024,1,12,0,0.0,24.176759437989503,4.054596156672836,108.57979193408048,3.394802289756718,24.176759437989503,0.18066682485522848
2024,1,12,4,1.7117316079918556,27.16287632399773,5.276475754528181,90.9782078288824,3.668720839660749,27.168011518821704,0.17824391066975442
2024,1,12,5,2.387188837045814,27.946797966802976,5.80491107002028,104.8049898422216,3.427646924400241,27.953959533314112,0.17760729277801557
2024,1,12,9,1.7766517986791273,27.66547863908862,5.32329015280675,105.99334333042673,3.210944345725693,27.670808594484654,0.1778366450384674
2024,1,12,10,0.954015417976665,27.95021487784358,5.386125409515147,94.8108391111362,3.631776977947485,27.953076924097513,0.177608007691481
2024,1,12,11,0.3298430353535072,27.132413503716386,4.631303270743786,100.50100321226374,3.639168255387479,27.133403032822446,0.17827194354341383
2024,1,12,12,0.020086165796774,26.555403083617048,3.4177240521388854,92.50164657858991,3.706692167655499,26.55546334211444,0.17874007469288727
2024,1,12,13,0.0,26.05038482214305,3.693952434117126,105.84793212986465,3.3256387328510204,26.05038482214305,0.17914918829406412
2024,1,12,14,0.0,25.742794583748573,3.4487409175822314,107.95444210275696,3.3980489053944454,25.742794583748573,0.17939833638716365
2024,1,12,16,0.0,24.086776120204117,3.208021257066952,93.06693773132884,3.1646093578983847,24.086776120204117,0.18073971134263467
2024,1,12,20,0.0,24.802532997490086,3.015461543967404,107.1692057886991,2.672295273781756,24.802532997490086,0.18015994827203302
2024,1,12,21,0.0,23.530956303190223,2.6881734588490134,106.23268207560432,2.611291716406682,23.530956303190223,0.18118992539441592
2024,1,13,0,0.0,23.713672517523804,3.434819979963405,97.77193549852174,2.9069068064725427,23.713672517523804,0.1810419252608057
2024,1,13,1,0.0965344736628919,23.282639938037946,3.4462761377595856,104.79194560935906,2.6993565451582757,23.282929541458934,0.18139082707141826
2024,1,13,2,0.4968972048938581,25.291666359313204,3.816760241427337,90.92797239140846,2.8770121603325043,25.293157050927885,0.1797625427887484
2024,1,13,4,1.4977331501884554,28.41202419225521,4.564034427686291,109.7983577873757,3.2572360049744007,28.416517391705774,0.17723262091271832
2024,1,13,5,1.849328438675698,28.97406279384685,4.707881209465836,102.02784211969976,3.2272336145861718,28.97961077916288,0.17677651526887805
2024,1,13,6,2.178452615300165,28.74746975564285,5.199204986144476,103.33867895449929,2.964949350569112,28.754005113488752,0.1769592558580741
2024,1,13,7,1.7028687422637452,29.05562864510612,5.074452635037156,104.11953377694824,3.5143342265444866,29.06073725133291,0.17671080282642035
2024,1,13,9,1.6247056329650469,27.442853393204803,4.845004804888298,101.91572653070904,3.727563635178935,27.4477275101037,0.178017340716816
2024,1,13,11,0.3364703186334467,27.073317098968317,4.194921383786572,107.92807880614512,3.17879776677753,27.07432650992422,0.17831979552696137
2024,1,13,12,0.0090488626186153,25.656101616670743,3.302407203710132,103.02180833983944,3.4558808401086374,25.656128763258597,0.17946853570176052
2024,1,13,13,0.0,24.07310347150249,3.570405200057683,109.15022766319773,3.504311741701471,24.07310347150249,0.180750786188083
2024,1,13,14,0.0,23.756318013179357,2.9267446299821644,102.67326343237144,3.134782671021561,23.756318013179357,0.18100738240932474
2024,1,13,15,0.0,23.406887235502523,2.73538749702748,94.42206863791516,2.7975273977255144,23.406887235502523,0.18129042133924295
2024,1,13,18,0.0,23.75871386965967,2.647264465423552,109.27817375217218,2.1109088951940698,23.75871386965967,0.18100544176557568
2024,1,13,20,0.0,22.333430416495144,2.180261139760372,104.44088385693968,1.6139505377525938,22.333430416495144,0.18215992136263892
2024,1,13,21,0.0,22.865464542228946,1.9338260716483795,104.73347030390984,1.3917809205493998,22.865464542228946,0.18172897372079455
2024,1,13,22,0.0,22.43396361175552,1.7037321513126893,110.51051534701551,1.4769171582683682,22.43396361175552,0.182078489474478
2024,1,13,23,0.0,22.50100828154044,1.836869016463928,92.21766174664828,1.5207261021733256,22.50100828154044,0.18202418329195225
2024,1,14,0,0.0,22.522952974438805,1.984838314643906,99.429427255538,1.5266991288060985,22.522952974438805,0.18200640809070456
2024,1,14,1,0.1050575867030457,22.969445074442664,1.836918026073869,95.69181417518573,1.8002872443112337,22.969760247202775,0.18164449419976575
2024,1,14,2,0.5511514491443863,24.431039831828752,2.60906746721317,103.66539714600415,1.7641543113165967,24.432693286176185,0.1804595184381973
2024,1,14,3,1.1621223262174618,25.57866974722077,2.383188269751221,107.27189137528352,1.63333506043915,25.58215611419942,0.17952845354749847
2024,1,14,6,2.4173411317858835,28.12563119024452,4.265288870048464,110.2336217555244,2.9053385939433296,28.132883213639875,0.1774623645969517
2024,1,14,7,2.3943125362898066,29.30381989660876,5.030302925258553,99.79547478628196,3.373062127720844,29.311002834217632,0.17650808770428372
2024,1,14,9,1.4722761668812023,27.87170360974529,4.583059187232561,106.31642105468406,3.303796861320752,27.876120438245934,0.17767034244502078
2024,1,14,12,0.0215733718112167,24.208731642334996,3.84051760970684,109.11025316687734,3.3018984222422216,24.20879636245043,0.18064087494641515
2024,1,14,13,0.0,24.55663098731054,3.3820953774902622,104.5062073707885,3.2821772066645973,24.55663098731054,0.18035912890027844
2024,1,14,14,0.0,23.41952692339345,3.350935319361227,95.7083429084364,3.4625765564976656,23.41952692339345,0.1812801831920513
2024,1,14,15,0.0,24.033997199514538,3.415519392628077,103.1173596025641,3.2709003485228854,24.033997199514538,0.1807824622683932
2024,1,14,17,0.0,22.395777437274287,3.072790152108948,110.36175251675957,2.484889027996271,22.395777437274287,0.18210942027580782
2024,1,14,18,0.0,22.99388964914917,2.6807438436506184,110.67298562048006,2.32920887690228,22.99388964914917,0.18162494938418913
2024,1,14,20,0.0,21.690218012570675,2.4650089847349235,103.60826572824566,1.6995507032736126,21.690218012570675,0.18268092340981773
2024,1,14,22,0.0,22.27112576022064,1.9886253046654516,108.54780332112058,1.616508613256617,22.27112576022064,0.18221038813422127
2024,1,14,23,0.0,22.196460349935105,2.223099883840092,94.75904317518784,1.614807622723603,22.196460349935105,0.18227086711655255
2024,1,15,1,0.103465327111612,23.563357478551847,1.634315114363602,95.82332703398528,1.2773083942764472,23.56366787453318,0.18116342902162813
2024,1,15,6,2.9814346464321413,29.48411080645662,2.9936367422670687,109.9956489271134,1.9371271553967968,29.493055110395915,0.1763606253605793
2024,1,15,8,2.305050070853851,28.75176255338592,3.303181782973821,93.27020622570652,1.986838646555389,28.75867770359848,0.17695547106008522
2024,1,15,9,1.917170949158764,29.219672554307515,3.988902277791537,94.34753268293603,2.514525058805085,29.22542406715499,0.17657740650560444
2024,1,15,10,1.0149280480581084,28.389389401914727,4.08561578434492,98.97191452270071,2.631467451642361,28.3924341860589,0.1772521283092923
2024,1,15,11,0.3689794429504683,27.734771975327387,3.338622325589479,102.4024358695974,2.871275620059758,27.73587891365624,0.17778393807993845
2024,1,15,13,0.0,24.83221702868565,3.543403110702468,102.86233223108654,3.4432377517116883,24.83221702868565,0.18013590420676462
2024,1,15,15,0.0,22.51495613192746,3.008658025569684,96.68290795083642,3.069669750382169,22.51495613192746,0.18201288553313877
2024,1,15,17,0.0,22.98656344476447,2.81801923050483,109.31209986606672,2.769597395731249,22.98656344476447,0.18163088360974078
2024,1,15,18,0.0,22.340999430844747,2.9759401821169327,109.11426313829844,2.3824710248863186,22.340999430844747,0.18215379046101576
2024,1,15,19,0.0,21.172872115864656,2.385842346386566,98.48711404405036,2.169577675438642,21.172872115864656,0.1830999735861496
2024,1,15,20,0.0,21.612625917450888,2.266577235057821,99.26808181739872,2.009592987846212,21.612625917450888,0.18274377300686478
2024,1,15,21,0.0,22.893510490053785,2.2916843286268467,104.63262201356252,1.8284165299658168,22.893510490053785,0.1817062565030564
2024,1,15,22,0.0,22.822122745573505,2.3773927547942346,103.85882545196029,1.770002827848521,22.822122745573505,0.18176408057608545
2024,1,16,1,0.1209064609953096,23.18770092040127,1.8868784937433305,98.46616619773268,1.6925502692568306,23.188063639784254,0.18146766845177476
2024,1,16,3,1.4248508194344904,26.783559206555974,3.220412333618877,99.2480769037182,2.332209157170692,26.787833759014276,0.17855185465519843
2024,1,16,4,1.9457581241818,27.38309044924841,3.147589317448976,97.89160234556772,1.9311795969583931,27.388927723620956,0.17806496854386702
2024,1,16,6,2.9036568503800035,27.12040837457049,3.237799515728435,95.43694943013698,1.9496129883747653,27.12911934512163,0.17827541333045147
2024,1,16,8,2.398618065675325,27.955668680603026,3.50050422077023,99.68832992495275,1.8620269020398197,27.96286453480005,0.17760007972681194
2024,1,16,9,2.0574433431380705,27.171248364475524,3.741525059444004,104.21620744644966,2.196179354017128,27.17742069450494,0.178236289237451
2024,1,16,10,1.346722195432721,26.69821593747512,3.905843925852278,105.33207897658542,2.5149692036553657,26.702256104061416,0.17862117255571025
2024,1,16,11,0.4664475462637808,25.74768163390155,3.3449944178420554,106.09480258264834,2.955721473520524,25.74908097654034,0.1793932444090023
2024,1,16,13,0.0,23.597117092651043,2.8595082955968203,98.12835543081135,2.9879818716669035,23.597117092651043,0.18113633515495264
2024,1,16,14,0.0,23.875064006924035,3.271714956906028,106.07188601285364,3.0967912929926875,23.875064006924035,0.18091119815439155
2024,1,16,17,0.0,23.053933512314213,3.27367143346739,90.81531679382267,2.313731788813144,23.053933512314213,0.18157631385502548
2024,1,16,19,0.0,22.532403717114597,2.670747903313371,100.15815294661456,2.025513009208353,22.532403717114597,0.18199875298913717
2024,1,16,20,0.0,23.21635187813247,1.996386303432075,106.44982967786818,1.8580532768162727,23.21635187813247,0.18144475497871268
2024,1,16,23,0.0,22.28012465318042,0.8493641962671127,103.21649977930404,0.5669176691166942,22.28012465318042,0.18220309903092385
2024,1,17,0,0.0,22.668072088266403,0.5421525430431878,100.16768319422349,0.2990804642302694,22.668072088266403,0.1818888616085042
2024,1,17,1,0.133314557628512,22.188130512664024,0.4151739360882274,103.69540428515758,0.2269368017508199,22.18853045633691,0.1822772903303671
2024,1,17,2,0.8202147880340137,23.524450014843765,0.8769139403809191,109.06891477551488,0.6661672730428922,23.526910659207868,0.1811932023660416
2024,1,17,4,2.509605176342244,27.29282583620085,2.276148798547436,102.21931920911156,1.4367944169840263,27.30035465172988,0.1781367127320988
2024,1,17,6,3.1692602654074093,27.57587015135774,1.946024457086507,106.7164947512407,1.2399945783778166,27.585377932153964,0.17790584387495528
2024,1,17,12,0.031959822886626,24.936808217688924,3.319742403500693,110.19581323337783,3.1432414650728986,24.936904097157583,0.18005110768130236
2024,1,17,13,0.0,23.857721265061357,3.4713732003993263,104.74644336216456,3.2139668343993413,23.857721265061357,0.18092524577530028
2024,1,17,17,0.0,22.95567520058146,3.0978933841125937,102.20722083930907,3.130126315818619,22.95567520058146,0.181655903087529
2024,1,18,0,0.0,23.10006245001207,1.7071019286236768,91.3758920032101,1.2656468804063596,23.10006245001207,0.18153894941549023
2024,1,18,1,0.1445611169708465,21.74102709772954,1.6807975778954147,98.259725473016,1.1945631476897811,21.741460781080452,0.1826394167673248
2024,1,18,3,1.444747707658283,26.7096960120142,1.917944726467812,102.28141967513729,1.206505897382195,26.714030255137175,0.1786116354933389
2024,1,18,4,2.264920475717548,25.87785211397853,1.520595395891008,106.9611950958882,1.0443603254171188,25.884646875405682,0.1792834360309214
2024,1,18,5,2.658974672266333,27.398455762292425,1.261649407713623,99.67070707424668,0.8889772199557293,27.406432686309223,0.1780507895240895
2024,1,18,6,2.777108030740881,27.557213612579027,1.191706310650212,110.08569495596936,0.7936962110947702,27.565544936671248,0.17792190860129628
2024,1,18,8,2.7050527941170905,29.174683561345105,1.3969041409481695,95.9798595402726,0.7871736141328954,29.182798719727458,0.17661193303702075
2024,1,18,9,2.207271012042619,27.701221681514347,1.928549954471464,105.4262897581178,0.9984177323194444,27.707843494550474,0.1778066467694141
2024,1,18,10,1.3076942026180194,28.366969907168656,2.4505818142312594,98.87253148339096,1.4056165968725112,28.37089298977651,0.17726957667828103
2024,1,18,11,0.5380170303740923,26.959852267690625,2.905746527410272,100.25825664873123,2.231770866863818,26.961466318781746,0.17841121228178677
2024,1,18,15,0.0,23.187340497729405,4.048611586219315,106.95146602306592,4.221577119664536,23.187340497729405,0.18146825419683915
2024,1,18,17,0.0,23.87363642420528,3.199474835543659,96.67251481385178,3.6634488929062186,23.87363642420528,0.18091235449639373
2024,1,18,18,0.0,22.564833668510516,3.066987006384847,92.60737569216576,2.7272892365297428,22.564833668510516,0.18197248472850647
2024,1,18,20,0.0,22.48735042410988,2.5172124280464963,101.0175828735914,2.1557542884987515,22.48735042410988,0.182035246156471
2024,1,18,21,0.0,22.620153570275846,2.094686998884712,101.16929000026782,1.8844179944349495,22.620153570275846,0.18192767560807654
2024,1,18,22,0.0,23.163533527656053,1.875881217443267,106.60020424826344,1.7195169344320629,23.163533527656053,0.1814875378425986
2024,1,18,23,0.0,23.179331863381496,1.9946941856469649,110.09913889827712,1.6151730557932753,23.179331863381496,0.18147474119066098
2024,1,19,0,0.0,21.705205047402693,2.041089207356582,91.79841943088888,1.6547835764293168,21.705205047402693,0.1826687839116038
2024,1,19,1,0.1137847135760622,22.853739272227585,1.9539771165655533,102.709560064346,1.5550309044125896,22.854080626368315,0.18173819469264169
2024,1,19,3,1.268960092167997,26.451941685010567,2.520276855060751,104.66182631235895,1.4506241593619995,26.45574856528707,0.17882084366211745
2024,1,19,4,2.0421244148796918,27.263953904322467,2.6345868374695174,110.79124407971716,1.5431033460653438,27.270080277567107,0.17816123497517064
2024,1,19,6,2.5775924327768567,29.728341317021773,3.204031336950292,109.67907799810834,1.732599816756543,29.736074094320102,0.1761637799836007
2024,1,19,7,2.912820435174959,29.78541746177284,3.2066353362679787,104.89535918906384,2.046835830028826,29.794155923078367,0.17611673370230652
2024,1,19,9,1.4966734703795934,29.121780431077656,4.581168702260993,100.94801074483628,2.451991323169908,29.126270451488796,0.17665772093429408
2024,1,19,10,1.1646708971806994,27.92608483199408,4.0649877881006935,93.72459998174897,2.796463441818311,27.929578844685622,0.17762704113580463
2024,1,19,11,0.4036517722420008,27.57134468969232,3.856455989250515,98.24032723138164,3.2307723486147366,27.572555645009047,0.17791622992754266
2024,1,19,13,0.0,25.66727602569159,3.534224311880095,102.4245338713012,4.013491673356595,25.66727602569159,0.1794595064191898
2024,1,19,16,0.0,24.37966075471797,3.9531900145369514,105.3504903961636,3.887232768321096,24.37966075471797,0.18050247478867842
2024,1,19,18,0.0,24.44892293378676,3.753989395118072,103.49884268143404,3.2318184641311523,24.44892293378676,0.18044637242363273
2024,1,19,21,0.0,23.89820992279949,3.187526037323311,104.98114849199976,2.548745728208926,23.89820992279949,0.1808924499625324
2024,1,19,22,0.0,23.503474622320645,2.964595291967469,99.24355652664792,2.4310114378267067,23.503474622320645,0.18121218555592028
2024,1,20,0,0.0,22.814366433643023,2.8413554175544915,105.38896617791156,2.724551352647997,22.814366433643023,0.18177036318874915
2024,1,20,4,2.2892379702475734,28.23156431600254,4.584380268685578,93.87787323169464,2.807507810705133,28.238432029913284,0.17737687005577024
2024,1,20,5,2.624988912657458,27.77359273271521,4.4578443648523765,94.20289384286195,2.6315662493263234,27.78146769945318,0.1777470111634429
2024,1,20,8,2.613712737440106,29.368976692943065,5.205162002679685,93.9094394170054,3.332625600524573,29.376817831155385,0.17645477755676414
2024,1,20,9,2.0821827864624325,29.089093384285068,4.749119088284937,108.53967504495832,3.191664691291786,29.095339932644457,0.17668277465455798
2024,1,20,11,0.542756343299625,27.454289759140742,4.137711222182748,92.1613260350359,3.585083508911219,27.45591802817064,0.17801070639718178
2024,1,20,12,0.0312299078308654,25.005831941956917,3.66263162237701,106.82539371057956,3.237260446247451,25.00592563168041,0.17999520023833887
2024,1,20,15,0.0,23.074961535540844,3.394394092027265,95.55186214797143,3.5720518839270925,23.074961535540844,0.18155928115621192
2024,1,20,18,0.0,22.029447200132136,3.877500637242806,100.26291619919417,3.293255627915876,22.029447200132136,0.18240614776789296
2024,1,21,1,0.1381520004646733,23.546722500975847,1.892825306062768,109.34816366245204,1.6717107535676,23.54713695697724,0.18117681906484842
2024,1,21,2,0.7712219462557446,25.96252276905963,2.441886245362664,102.76644766306578,1.728739892976828,25.964836434898395,0.17921848248773228
2024,1,21,3,1.4765502174050749,26.741676717673812,2.486111493405068,95.21973914487336,1.7455781441845342,26.74610636832603,0.17858565384165592
2024,1,21,4,2.096795220920613,26.668320120776738,2.670570958919372,96.715164659405,1.5865165712863794,26.6746105064395,0.178643565489784
2024,1,21,5,2.5305193639734243,29.029792897035147,2.571163562937908,109.51470358919046,1.6377212285604503,29.037384455127068,0.17672971859134706
2024,1,21,6,2.876222419524038,29.69820402907864,2.70695231676961,99.4494729844198,1.8398127099628097,29.706832696337212,0.17618746551596684
2024,1,21,8,2.400125607517144,28.956757219869843,2.83247483111676,102.44171365679072,1.7979361748048457,28.963957596692396,0.17678919434667914
2024,1,21,9,2.2766194835388496,29.08965057854754,3.2693351391880747,99.83351525367584,1.985692755926698,29.096480436998156,0.1766818508460315
2024,1,21,13,0.0,25.234457040003317,3.1048790278927227,98.38833935976112,2.781823958793118,25.234457040003317,0.1798100897975973
2024,1,21,16,0.0,23.992779580100088,3.0978599675443577,95.37245213101906,3.019204365280084,23.992779580100088,0.1808158485401189
2024,1,21,17,0.0,24.1655743838669,3.451373876175444,104.6884616287822,2.799645935748085,24.1655743838669,0.1806758847490678
2024,1,21,18,0.0,22.25976618215758,2.895593961845683,105.3041240901714,2.684707234999976,22.25976618215758,0.18221958939245234
2024,1,21,20,0.0,23.31144973228561,2.1727358742881817,96.2712332169884,1.8623119128326333,23.31144973228561,0.18136772571684864
2024,1,21,23,0.0,23.553862839346188,1.2333691510694174,106.68992672610206,1.021502162817811,23.553862839346188,0.18117137110012957
2024,1,22,4,2.172536112813185,28.34019684837534,3.1319805814817907,108.3436652429042,1.9126531041163108,28.346714456713777,0.17728916129006184
2024,1,22,5,2.730759893439332,29.0882192554363,2.9099561101225406,109.61689179615782,1.9167534409709648,29.09641153511662,0.17668190665655553
2024,1,22,6,3.146277847884432,29.85599958712258,3.074260781183673,94.17513561080676,1.945672224826339,29.865438420666234,0.17605899487926036
2024,1,22,7,2.6720241114740477,29.20415690787536,3.685778566636569,96.93357208794848,2.360633511727797,29.21217298020978,0.1765881398860301
2024,1,22,12,0.0270912991781458,25.98152173362645,2.9923171503964388,108.11832701914952,2.619947366961651,25.981603007523987,0.17920490156390556
2024,1,22,13,0.0,24.464563416254656,2.7568008793825087,94.84473253428388,3.010792751310194,24.464563416254656,0.1804337036328337
2024,1,22,17,0.0,23.194627755712062,3.762297695787228,90.98807675055558,3.3691141757517085,23.194627755712062,0.18146235151787324
2024,1,22,18,0.0,22.72669672894572,3.691688572872686,108.45848670322152,3.1322232193646524,22.72669672894572,0.18184137564955397
2024,1,22,19,0.0,23.83647457403846,2.8936190899091905,97.41705553230965,2.9141077194874474,23.83647457403846,0.18094245559502883
2024,1,22,21,0.0,24.49163021162703,2.7904126573299965,99.11558608700234,2.213296168415428,24.49163021162703,0.1804117795285821
2024,1,23,1,0.1230871491736534,23.632683456694515,2.2713390233428754,99.95551799176266,2.062017031171941,23.633052718142036,0.18110722729830495
2024,1,23,2,0.7476021558007994,24.902263176042144,3.091180074728523,108.16350552389405,2.03511603278976,24.904505982509548,0.1800773501541673
2024,1,23,3,1.3582458179218762,27.451084874838013,3.4550552025222165,97.87055808512572,2.4095549106996903,27.45515961229178,0.17801132071404366
2024,1,23,4,1.9717662579770856,27.680460105069518,3.5137148853959688,109.0426838517898,2.3408903721340883,27.68637540384345,0.1778240359228868
2024,1,23,5,2.478330831452685,29.00939760110201,2.9199590229133894,103.39287222339888,1.975459428128088,29.016832593596366,0.17674636559918694
2024,1,23,7,2.667146320177762,28.304478438153904,3.357606889416455,101.35010035651908,2.085820012914202,28.312479877114438,0.1773168912995373
2024,1,23,9,1.6971468426809295,27.68205531600256,3.1914739632927067,97.13962002847585,2.3225298048111447,27.687146756530606,0.1778234111272102
2024,1,23,10,1.1469105947074352,28.034884521733005,3.676832487028529,95.5098912929254,2.590957346623993,28.038325253517126,0.17753895654465113
2024,1,23,13,0.0,23.860932045930294,3.106844615411037,103.33176255704802,3.320889209691194,23.860932045930294,0.18092264504279645
2024,1,23,18,0.0,22.62358000220541,3.2047917149654865,99.76896142002104,2.7047986400678576,22.62358000220541,0.1819249001982136
2024,1,23,19,0.0,22.371955721638336,2.5223583164080505,109.05436069618952,2.075437418433017,22.371955721638336,0.1821287158654729
2024,1,23,23,0.0,22.488264359320155,2.259066656339576,100.64141979429148,1.9489230241494255,22.488264359320155,0.18203450586895065
2024,1,24,2,0.7821464340650729,24.752289305642783,2.8586754299530206,101.32846962586468,2.044745150040033,24.754635744944977,0.18019874504659456
2024,1,24,3,1.4790073534597017,27.92781199885457,3.669661368116556,99.45547853081904,2.426431122274957,27.93224902091495,0.17762487829305887
2024,1,24,5,2.457704090068237,28.227125426899477,3.357291298502488,106.84311253922397,2.1629695918294507,28.23449853916968,0.17738005618327254
2024,1,24,6,2.6569813148101926,29.06779517198513,3.543602084456932,99.3438563042602,2.0139766244336843,29.07576611592956,0.17669862944609704
2024,1,24,7,2.7912636879932258,30.26722361526844,3.1282796613330297,96.09270261095806,2.030264815848728,30.27559740633242,0.17572676610087073
2024,1,24,8,2.292825196957705,29.844643175922947,3.3310317172111263,107.9162333760312,2.0507508704534363,29.85152165151382,0.1760702674622738
2024,1,24,11,0.5556165063501132,27.60607496112355,3.6573107967439658,102.57876478319685,2.9480098635196774,27.6077418106426,0.1778877291333795
2024,1,24,12,0.03870573213746,25.85112638072168,3.442559821243704,102.54301582614772,3.433825851485864,25.851242497918093,0.17931049357668633
2024,1,24,15,0.0,24.617644514210763,3.010190663142932,103.18750036263968,2.965668958027925,24.617644514210763,0.1803097079434893
2024,1,24,17,0.0,24.13533853570352,3.116555772283609,105.3474991572796,2.986320634365783,24.13533853570352,0.18070037578608017
2024,1,24,18,0.0,23.425279341330054,3.1943937630005093,97.1277120243276,3.1529490071046515,23.425279341330054,0.18127552373352265
2024,1,24,21,0.0,23.56001454938812,3.0332803460274924,91.34789638354334,2.608384926611759,23.56001454938812,0.18116638821499562
2024,1,24,22,0.0,23.020795054850957,2.616062217501912,107.01907337799352,2.040075948383835,23.020795054850957,0.18160315600557073
2024,1,24,23,0.0,22.704581712536847,2.5456140373616543,93.33724150646933,1.8514007119850877,22.704581712536847,0.18185928881284513
2024,1,25,2,0.6489467452325217,26.68015341776769,1.9567873888340248,105.59563872587164,1.4574579099947969,26.682100258003388,0.17863749879101726
2024,1,25,3,1.2503028813224808,27.192945654826172,2.395171184275497,92.70940311494924,1.685273619222877,27.19669656347014,0.17822067578358916
2024,1,25,6,2.954139321169313,29.94227517513447,2.8512156848461485,98.45196656192336,1.7860494999126415,29.951137593097975,0.17598957854959063
2024,1,25,8,2.802749511756761,28.520335627901165,3.4349091580814863,91.97235346352448,2.0575018397029754,28.528743876436437,0.17714171746008647
2024,1,25,9,1.847692432105822,28.98503150308247,3.743694682397717,101.1875612171394,2.4155866805818187,28.990574580378787,0.17676763458989317
2024,1,25,10,1.3738421123806213,29.485610036724932,3.5883817561158886,103.85629836463988,2.64750279069927,29.489731563062072,0.17636331743391973
2024,1,25,11,0.5341164973947832,26.94930018551661,4.0066402658179205,94.20412072499934,2.6754101159487487,26.950902535008794,0.17841976894664285
2024,1,25,12,0.0286149218458265,26.383072492076984,3.136996599603256,98.30944534008697,3.3189837003947336,26.38315833684252,0.17887964174715756
2024,1,25,15,0.0,24.897804922258494,3.659644471626199,109.81030298787265,3.374458322317147,24.897804922258494,0.18008277801297062
2024,1,25,16,0.0,24.44428462845172,3.526993818701284,99.95487750438122,3.586813279306712,24.44428462845172,0.1804501294509541
2024,1,25,17,0.0,23.5373360901866,3.305930679482975,107.19622079043006,3.0747333715808023,23.5373360901866,0.18118475776694887
2024,1,25,18,0.0,23.49387889816128,3.7637447394732497,109.67254932817671,3.2924848444104717,23.49387889816128,0.18121995809248936
2024,1,25,19,0.0,23.80923399689974,3.669584239452433,110.57083697289124,3.15943993711892,23.80923399689974,0.1809645204625112
2024,1,25,20,0.0,23.571794164778368,3.182446705045849,108.99212157756877,2.6062684311170714,23.571794164778368,0.1811568467265295
2024,1,25,23,0.0,23.290187698910824,2.9513923997024363,97.34049208098614,2.636773128985817,23.290187698910824,0.18138494796388221
2024,1,26,1,0.1166058929305658,24.794518815741405,2.8451797661696925,110.52969977858558,2.7052212946328447,24.794868633420197,0.18016615640692965
2024,1,26,2,0.6348075775346029,26.17135327266739,3.98580605087716,107.59725322632444,2.8483858517891165,26.173257695399993,0.179049661266726
2024,1,26,4,1.66229117336894,28.500963984895524,4.001110308100199,108.205897782707,2.555220557385928,28.50595085841563,0.17716017980468335
2024,1,26,5,2.1519618423306155,27.184776949214186,4.32870377484961,91.47740465932137,2.493089252503792,27.19123283474118,0.17822510140385964
2024,1,26,8,2.53088133112386,27.777920741484422,3.87769055571592,110.18653351675616,2.665120129799105,27.785513385477795,0.17774373415776298
2024,1,26,10,1.2136326729650653,27.41291769200098,4.37935932013391,106.60686634129688,3.170919942589664,27.416558590019875,0.1780425875420839
2024,1,26,12,0.0394867171114764,24.73975892176863,3.681288208399233,106.51830277938974,3.759769074765372,24.739877381919964,0.1802106993206448
2024,1,26,13,0.0,24.815469682714056,3.518289364844615,92.6842453066853,3.6555038995299673,24.815469682714056,0.18014946955700162
2024,1,26,14,0.0,23.131228052938408,3.686098819637545,95.79665240840636,3.762885379143444,23.131228052938408,0.1815137052771199
2024,1,26,16,0.0,24.11219035822298,3.386666369992735,110.62172324237277,3.471053172495443,24.11219035822298,0.18071912580983937
2024,1,26,17,0.0,22.540131750521827,3.7263384284694014,101.25370941066129,3.045116316717862,22.540131750521827,0.1819924932820773
2024,1,26,20,0.0,22.80784741548032,3.375855894258851,99.0444848447938,3.61507594823766,22.80784741548032,0.1817756435934609
2024,1,26,21,0.0,22.479490064880046,3.7802588986165886,107.94156367780772,3.5242390348479304,22.479490064880046,0.18204161304744715
2024,1,26,22,0.0,23.018727234653092,3.5955574134937174,92.72849913089928,3.340771854938254,23.018727234653092,0.18160483093993096
2024,1,26,23,0.0,21.88725740084517,3.7087049029749934,99.41073368496828,2.9218773344521303,21.88725740084517,0.18252132150531541
2024,1,27,0,0.0,22.009355011140897,3.6189348428720742,98.61592386346106,2.8227810749587623,22.009355011140897,0.18242242244097587
2024,1,27,5,2.3140123814305387,28.691595406837447,5.433960396317138,98.26768880400982,3.183822524525496,28.69853744398174,0.1770041846703748
2024,1,27,7,2.968103987735484,28.15300116680961,6.017420974477772,97.17307562871592,4.185234514541642,28.161905478772816,0.17743885656219402
2024,1,27,8,2.5098741934557025,28.351028903113324,5.590106137616656,95.07757307776453,3.778304938655855,28.35855852569369,0.17727956759418811
2024,1,27,9,2.064846084132098,29.215964471449677,5.967722362021161,94.25261089631884,3.4428859121891,29.222159009702075,0.17658005120214132
2024,1,27,10,1.1597748971921145,27.046602356714505,6.187870059048144,103.69227219050369,3.608999378785304,27.05008168140608,0.17833943383806106
2024,1,27,11,0.4702000410038487,26.73494764554168,4.894294536577871,109.37422668527356,3.635751944531932,26.736358245664693,0.17859354982101158
2024,1,27,13,0.0,23.706126773994452,4.262075836367288,101.2589448603716,4.2339393326524,23.706126773994452,0.1810480373130645
2024,1,27,15,0.0,23.723614798635808,3.8970665994248472,97.14938873591484,3.8430296230847976,23.723614798635808,0.18103387201310497
2024,1,27,16,0.0,24.20796280522151,4.157574331644196,94.35731232427054,4.088820149750493,24.20796280522151,0.18064155012777058
2024,1,27,21,0.0,22.100206559434454,3.76456689403724,107.6475754006022,3.516184809392122,22.100206559434454,0.1823488326868581
2024,1,27,22,0.0,23.52666925355752,3.7763718246749,110.49131058842008,3.702105711246652,23.52666925355752,0.1811933979046184
2024,1,28,2,0.5503581928183398,26.578998085881437,4.596375621491039,98.19539687972402,3.046549450751709,26.580649160459892,0.1787196741800275
2024,1,28,4,1.864805930372362,26.91998075025027,5.492867681403574,97.08381942338832,3.3319544041706552,26.925575168041387,0.17844028411388646
2024,1,28,5,2.0142911729659985,29.281464872751556,5.203751692202779,103.30523229774258,3.571359315240913,29.287507746270453,0.1765271187255209
2024,1,28,6,2.295490418644564,28.275059106790977,5.613543692531111,106.70935462672593,3.423745737609864,28.281945578046912,0.177341624081782
2024,1,28,9,1.631468118129545,27.54820334226321,5.504234767526567,99.97029615881094,4.054603100586103,27.5530977466176,0.17793199082523975
2024,1,28,15,0.0,22.710134228994523,3.970232953788003,103.8224204068859,4.088054010139439,22.710134228994523,0.18185479127451443
2024,1,28,23,0.0,21.467045791527724,3.6582243183689807,105.36385807593444,3.299875564572193,21.467045791527724,0.1828616929088625
2024,1,29,0,0.0,21.709619971412238,3.6222758568482174,110.39133369130052,3.5127953118318263,21.709619971412238,0.18266520782315607
2024,1,29,1,0.1288559857908432,22.12435849980663,3.630563954539599,94.41102549506546,3.83797682600122,22.124745067764003,0.18232895649511113
2024,1,29,3,1.5789880657676842,26.823434730949245,5.149498210261443,111.376969324902,3.540865486604757,26.828171695146548,0.17851918092693128
2024,1,29,5,2.9527165976206,28.4532125511301,5.425640531209241,98.99768207546153,3.8267366199884063,28.46207070092296,0.1771957227322524
2024,1,29,8,2.350483918701305,28.580323063936063,5.989083611772679,105.27882207679642,3.621359081686604,28.58737451569217,0.17709422664228933
2024,1,29,9,1.9827856169887323,28.98861933321721,5.773663319349969,102.19900488739997,3.976622452683632,28.994567690068173,0.17676440017104478
2024,1,29,10,1.2209421121586197,28.6609754739385,5.75010280521275,100.51129264443018,4.456737215952322,28.664638300274977,0.17703164297677726
2024,1,29,11,0.5535132979252072,25.686191997086038,5.469431134546955,104.83478403657864,4.089575028102323,25.687852536979815,0.17944283944504635
2024,1,29,13,0.0,23.442207920315237,4.178841297081628,98.89422777451662,4.953703763520658,23.442207920315237,0.18126181158454466
2024,1,29,17,0.0,22.226651878233387,3.4411948375172696,93.52143938270488,3.11681853854114,22.226651878233387,0.18224641197863098
2024,1,29,23,0.0,20.865980255509537,2.5526757881675834,100.66589068462038,2.625698188753669,20.865980255509537,0.1833485559930373
2024,1,30,0,0.0,20.874391289772145,2.524081190633036,101.392481429076,2.393482667079876,20.874391289772145,0.18334174305528456
2024,1,30,1,0.1355079620385471,21.561253813077297,2.504506371449602,95.00663491159918,2.1130698042952165,21.561660336963413,0.18278505512705961
2024,1,30,2,0.8740810003129542,24.2045192919647,2.80210815378409,109.90822338496548,2.216362896145468,24.20714153496564,0.18064221535667782
2024,1,30,7,2.975193556493068,28.93016900705966,2.5435400773588794,95.35318379285567,1.5586363896701891,28.93909458772914,0.1768093333839394
2024,1,30,8,2.602564619994976,28.915643012543228,2.938336504145355,98.9111175656064,1.5646985434213478,28.923450706403212,0.1768220049278134
2024,1,30,11,0.5399773644585367,26.367523443421756,3.767474446815339,93.7689036118001,2.8556571770306225,26.369143375515133,0.17889099386583274
2024,1,30,12,0.0544880082967763,25.273935782191888,3.791413768546284,101.53173198042116,3.90029074487622,25.274099246216778,0.1797779796105644
2024,1,30,13,0.0,24.402453774978756,4.590316251307778,97.027742206676,4.623272896832637,24.402453774978756,0.1804840124422672
2024,1,30,14,0.0,24.322076939676244,4.592835231507248,100.7833049035169,3.965857440041825,24.322076939676244,0.18054911767886225
2024,1,30,17,0.0,24.233732871030053,3.2965301265742726,95.43726171245568,3.2153423351848462,24.233732871030053,0.18062067637446566
2024,1,30,18,0.0,23.171062686316816,3.3959282299739715,91.9225047327728,2.6305177416325134,23.171062686316816,0.18148143922408336
2024,1,30,19,0.0,22.10796158367902,2.7625577961396983,106.4820015523291,2.612028193982593,22.10796158367902,0.18234255111721998
2024,1,30,22,0.0,22.357673476168262,2.395998120080882,103.60317079435504,2.096598740491864,22.357673476168262,0.1821402844843037
2024,1,31,2,0.800239256473224,25.751296360098763,2.5382538520268687,97.8507053363424,1.459871258532114,25.753697077868182,0.17938950536692677
2024,1,31,3,1.614042685627326,27.38012184643633,2.556130722942046,91.97761818842464,1.4840642857771067,27.384963974493214,0.1780681791806605
2024,1,31,4,2.353020323084042,27.91678014705636,2.1750785590858785,108.51339006798658,1.424810578063488,27.923839208025612,0.17763169024149925
2024,1,31,5,2.0090738701729887,28.26953802571863,2.16987814016081,94.37655704975008,1.4077742321041655,28.27556524732915,0.17734679214966337
2024,1,31,10,1.4643995270771917,28.98017732582909,3.309585969828269,109.34256382287828,2.01445826086488,28.98457052441032,0.17677249787522764
2024,1,31,13,0.0,25.577404438836385,3.436360992894697,100.3883972140089,3.3913331288619752,25.577404438836385,0.17953230240454252
2024,1,31,16,0.0,25.29974287654827,3.355834724071693,97.71772689963248,3.574752585001363,25.29974287654827,0.1797572082699959
2024,1,31,19,0.0,24.13835618033876,2.544425320116135,105.70532161098318,2.256743945709472,24.13835618033876,0.1806979314939256
2024,2,1,0,0.0,24.43852986012523,1.0281988966261628,108.50461921459728,0.6577661800172139,24.43852986012523,0.18045479081329857
2024,2,1,1,0.1257257049272374,24.612908287136104,0.7125790164276543,98.3689311313888,0.5212890784352834,24.613285464250886,0.18031323877395677
2024,2,1,2,0.6771897797516346,25.85897910156506,0.9614160257427834,99.18723191886384,0.5812881644171386,25.861010670904314,0.17930258135656751
2024,2,1,3,1.2187683255568122,28.135905967294413,1.0208859995520827,99.76819182807772,0.7449442578406712,28.139562272271082,0.17745695455946042
2024,2,1,4,2.125503628290409,28.639864648678472,1.2545119729505458,109.65021694922166,0.7637520629298002,28.646241159563342,0.17704654466075367
2024,2,1,5,2.412475519372378,30.569380259929048,1.4899831215913082,104.93133314052164,0.8468199018655739,30.576617686487165,0.17548293967394538
2024,2,1,7,2.7226201069837934,30.30424114853609,2.396282781392099,95.72204101187452,1.272860611761314,30.312409008857042,0.1756969487028258
2024,2,1,11,0.5167463507406459,27.52600056729516,3.491795115929788,94.34652390829488,2.7157169665287357,27.52755080634738,0.1779526838468586
2024,2,1,13,0.0,26.515156274180164,3.3053016308820267,95.383133565298,3.7058700387755854,26.515156274180164,0.17877272341791406
2024,2,1,14,0.0,24.853282901851625,3.406170964536558,96.11919215598536,3.2046626532690645,24.853282901851625,0.1801188408495002
2024,2,1,15,0.0,24.95100319376941,2.9770616903235165,95.47402358908548,3.521872815962318,24.95100319376941,0.18003968741304677
2024,2,1,16,0.0,24.867476505559807,2.827407679523139,104.11929413013134,2.997513587630065,24.867476505559807,0.18010734403049655
2024,2,1,18,0.0,25.238967171242656,2.612806388689044,93.1033789099619,2.0065106664051213,25.238967171242656,0.17980643659129344
2024,2,1,23,0.0,24.67847185281523,1.9785254494567168,98.50959771855366,1.589539961009622,24.67847185281523,0.18026043779921966
2024,2,2,0,0.0,23.70729186262051,1.902026093797463,103.3723305668123,1.8089181741638107,23.70729186262051,0.18104709359127738
2024,2,2,2,0.6733233499569672,27.083699702551847,2.809663549998421,96.7849531935951,1.8592177960959213,27.08571967260172,0.1783105670651926
2024,2,2,6,2.8772823978332998,30.172872474853325,2.912028496913096,92.10897598574064,1.7699175663804898,30.181504322046823,0.17580298149914206
2024,2,2,7,2.8726222102820125,31.45366901993421,2.35713671925274,92.34207934103765,1.4935186101206364,31.462286886565057,0.1747655476218823
2024,2,2,9,1.98851566299726,30.409124622280476,2.8901601806990507,93.07445153925028,1.7139716873085262,30.41509016926947,0.1756137769628917
2024,2,2,12,0.0413837133848945,27.58795029187868,3.046051189447158,107.47455020689438,3.5162546542968998,27.588074443018836,0.17790365970115474
2024,2,2,13,0.0,25.88773698465909,3.3077338911360905,103.96189681897378,3.978785315818557,25.88773698465909,0.17928093304242612
2024,2,2,15,0.0,26.211947129063308,3.553100029336724,92.12119130077268,3.789225759034988,26.211947129063308,0.1790183228254587
2024,2,2,16,0.0,25.841910620967344,3.652796720835608,98.71155211903395,3.793089819383327,25.841910620967344,0.17931805239701645
2024,2,2,17,0.0,25.94816341708262,3.7752689272751514,96.4318487880538,3.1881099325938904,25.94816341708262,0.17923198763216305
2024,2,2,20,0.0,23.5776432834384,2.945579865908408,102.3326643295436,2.718843731897659,23.5776432834384,0.18115210894041486
2024,2,2,21,0.0,24.255001395234903,2.952387770335925,101.18944866209844,2.4467005971184363,24.255001395234903,0.1806034488698597
2024,2,2,22,0.0,24.53831080547926,2.6029130181163125,100.35968682285302,2.0762588412678027,24.53831080547926,0.1803739682475618
2024,2,2,23,0.0,23.390327800160428,2.25354193297582,97.0413113372304,1.864081055209221,23.390327800160428,0.18130383448187007
2024,2,3,3,1.494129275869755,27.851208134297828,2.186211741827327,93.79486258981768,1.378840901454628,27.855690522125435,0.17768689067707838
2024,2,3,9,1.8076937152171508,31.394293206132392,5.043186194834737,105.56049084552345,3.434385072848826,31.399716287278043,0.17481622980730477
2024,2,3,13,0.0,25.561868981782258,3.839394506440424,108.56550959524478,3.752405328287169,25.561868981782258,0.17954488612475636
2024,2,3,17,0.0,25.070809566961263,3.3469212269551507,110.05895478105064,2.886638976537978,25.070809566961263,0.17994264425076137
2024,2,3,18,0.0,22.92367812215964,2.893457571907878,92.111454920218,2.9415971909327934,22.92367812215964,0.18168182072105069
2024,2,3,19,0.0,24.005659552281784,2.9960961326291167,105.80423670440273,2.27077737227449,24.005659552281784,0.18080541576265174
2024,2,3,20,0.0,23.562032472496536,2.4974545812077213,105.46038680391368,2.209366730105135,23.562032472496536,0.1811647536972778
2024,2,3,21,0.0,23.281079354264254,2.661119951431385,109.86820091731654,2.1514720025465026,23.281079354264254,0.18139232572304592
2024,2,3,23,0.0,24.10169480297002,2.571637449200675,95.9423340045319,1.6946759960280768,24.10169480297002,0.18072762720959426
2024,2,4,0,0.0,22.419300800982256,1.9499373365864936,105.91298528971537,1.7529116163159282,22.419300800982256,0.18209036635120435
2024,2,4,3,1.6461634259779252,27.971997903361828,2.3219710476540354,92.29494711556404,1.453558083523349,27.97693639363976,0.1775886815211518
2024,2,4,4,2.174329348950913,28.782480822273214,2.6150676621143143,103.97956328551344,1.57769598492389,28.789003810320068,0.17693090691364072
2024,2,4,5,2.354004835682036,28.987992146599264,3.1730832199974075,98.23937013270476,1.882514563034682,28.99505416110631,0.17676400612950388
2024,2,4,6,3.0326721888793187,31.003338291264587,3.4041918880199797,106.59003796204544,2.595009337141338,31.012436307831226,0.1751299265906567
2024,2,4,11,0.5776437165683883,28.148589835722024,4.673244517053758,108.252933717412,3.3794695754300856,28.150322766871728,0.17744823855883388
2024,2,4,16,0.0,24.61845465614614,3.682991064939101,98.46397789448254,3.5778666857655548,24.61845465614614,0.1803090517285216
2024,2,4,18,0.0,23.1876730340948,3.12510820282294,101.65755548312148,3.063629058857785,23.1876730340948,0.18146798484238322
2024,2,4,19,0.0,23.881861654866483,2.884093362472585,93.3362057166178,2.6839713592692576,23.881861654866483,0.18090569205955814
2024,2,4,21,0.0,23.153258236890096,3.000894064912593,99.29201925572288,2.4068181611616954,23.153258236890096,0.18149586082811903
2024,2,4,23,0.0,22.08209326716745,2.244055322328275,98.17844634304868,1.9542395885156787,22.08209326716745,0.18236350445359434
2024,2,5,1,0.1420292503822839,24.029326326939056,2.0513445071130447,94.74895383836036,1.6630589817331562,24.029752414690204,0.1807859005441009
2024,2,5,2,0.7782209604151872,24.932689525403745,2.821605494931764,109.23819215152722,1.9409093865825724,24.93502418828499,0.18005263040748914
2024,2,5,3,1.6361530985607788,26.753845255788324,3.0314822690490746,94.17955577436972,1.8147962098285295,26.758753715084005,0.17857540949078196
2024,2,5,4,2.4596209909987348,27.560591168504068,3.298860207424766,104.0500793835616,1.9606994668668505,27.567970031477063,0.17791994427450358
2024,2,5,6,2.5348545291832028,29.13403223133424,3.768005789750988,109.01024482173726,2.648214257300108,29.141636794921787,0.17664527419611334
2024,2,5,8,2.368260156186781,30.01377307889992,4.873082370125345,109.2568216902788,3.0857500234828423,30.02087785936848,0.17593308893391152
2024,2,5,12,0.0541288174522269,26.13274404744825,3.7992048681334274,106.92344193677948,3.509597949482131,26.132906433900605,0.1790823457885405
2024,2,5,18,0.0,23.43312193555469,2.652728788352415,94.58898285600684,2.3115553086410805,23.43312193555469,0.18126917123220068
2024,2,5,19,0.0,23.36299419107213,2.580702193802821,107.47592364303074,1.978097329368706,23.36299419107213,0.18132597470523157
2024,2,5,20,0.0,22.8253737568932,2.301670708615547,96.46750295154597,1.733547711467924,22.8253737568932,0.18176144725691648
2024,2,5,22,0.0,23.41032240122837,1.452160293532772,109.44568178569776,1.110881174185118,23.41032240122837,0.181287638855005
2024,2,6,0,0.0,22.99852657364069,1.595781725582432,105.25480548485032,1.2124715949721632,22.99852657364069,0.18162119347535105
2024,2,6,1,0.1409172487012931,22.99593565111933,1.7383483054233562,106.88925115384374,1.629842234815861,22.996358402865432,0.181622949693679
2024,2,6,4,2.128396084802909,28.842340176948348,3.2224833282046035,92.86524731322822,2.2913938147459265,28.848725365202757,0.17688253245418575
2024,2,6,6,2.636376000510668,30.28804643327109,3.84751736113948,102.7633450636016,2.4169153090862774,30.295955561272624,0.17571027599536918
2024,2,6,8,2.6829047472642973,30.786078550517264,4.378509091587913,107.32743669954635,2.862494772804337,30.794127264759055,0.17530675691554515
2024,2,6,12,0.0589887347913543,25.38467983587788,3.594921228232104,108.21833968036012,3.227691418622986,25.384856802082254,0.17968826599031337
2024,2,6,13,0.0,23.921223270311177,2.974070347588708,91.48741769902904,3.277688350462392,23.921223270311177,0.18087380915104792
2024,2,6,18,0.0,24.11075122420422,2.246094469343604,109.90365145300876,1.8310955526742176,24.11075122420422,0.18072029150839458
2024,2,6,20,0.0,23.984848769159616,1.4832558224956178,91.63914225071102,1.258345728196141,23.984848769159616,0.1808222724969807
2024,2,7,1,0.1590216560530866,21.98638377608566,1.614837573422599,103.3848805909474,1.3933491060852967,21.98686084105382,0.1824406427187464
2024,2,7,2,0.923983372305504,24.51821026991261,1.7618144421420878,105.08300323376822,1.3094731946003828,24.520982220029527,0.18038800440177608
2024,2,7,3,1.8017564946070008,27.162678616777164,2.550981033496192,93.29874214615018,1.797347829197749,27.168083886260984,0.17824385205212862
2024,2,7,4,2.446729875630308,28.574221714437456,2.701814571620337,92.10633630231736,1.742813460427551,28.581561904064348,0.17709893485770786
2024,2,7,6,2.836464637247924,31.12070066961711,3.212343331624541,106.86092376299374,2.0405487677960967,31.129210063528856,0.17503533984854164
2024,2,7,7,2.8210307453387737,30.21053632327086,3.140631664438398,98.650807938409,2.0163452944930005,30.218999415506875,0.17577261047343942
2024,2,7,8,2.970897188009035,30.90987949557024,3.584559182951434,92.93467365893667,2.0419480797611897,30.91879218713427,0.17520577832842124
2024,2,7,15,0.0,23.07444883585285,3.1534132009810767,106.36904190482704,2.8750192684174487,23.07444883585285,0.1815596964429592
2024,2,7,18,0.0,23.399190496877257,2.254049191123052,107.98890406005944,1.56646038790522,23.399190496877257,0.1812966556975294
2024,2,7,19,0.0,22.660214891175407,1.7152135324000632,102.6329290123682,1.2854172456359236,22.660214891175407,0.18189522593814794
2024,2,7,20,0.0,24.366546130220254,1.2022160879552062,93.9612115844256,0.9481922396687188,24.366546130220254,0.18051309763452159
2024,2,7,21,0.0,23.19408799365736,0.8781236415616334,90.99076324549652,0.650979715949163,23.19408799365736,0.18146278872513755
2024,2,7,22,0.0,23.169604521604708,0.9550988718880056,104.82737481312198,0.6341656739203119,23.169604521604708,0.1814826203375002
2024,2,8,0,0.0,20.669809402006727,1.5258650376206135,101.9320191966742,1.4557963834830916,20.669809402006727,0.18350745438437455
2024,2,8,5,2.552218940559926,29.08491622094584,1.528557660009774,104.05640385702908,1.0105476339850414,29.09257287776752,0.1766850159690083
2024,2,8,6,2.6214956707827497,30.57875999044236,2.820449304728789,107.23069301396824,1.5935849808022575,30.58662447745471,0.17547483417326168
2024,2,8,7,2.871684079885785,31.40338298927757,3.4286967866731093,99.46416352862434,2.407712578373123,31.41199804151723,0.17480628158637104
2024,2,8,12,0.059994745871219,26.80573274479509,3.61502070689104,93.18398669699744,4.012671986437827,26.805912729032705,0.1785372106894835
2024,2,8,14,0.0,24.383115747462984,3.2671506771988352,109.82238256547,3.6903345963658416,24.383115747462984,0.18049967624455499
2024,2,8,16,0.0,23.15930705929265,3.257341412279505,101.92438549464104,2.4834006109345865,23.15930705929265,0.18149096128197295
2024,2,8,17,0.0,22.709980520677536,2.455346661896136,103.32894120558852,2.136463982454168,22.709980520677536,0.1818549157782512
2024,2,8,20,0.0,22.828983496705376,0.5652005845607976,109.58104171119972,0.4596331068220047,22.828983496705376,0.18175852336766865
2024,2,8,21,0.0,23.84009441192196,0.1634170183900739,109.5007265112149,0.1804925445739104,23.84009441192196,0.18093952352634318
2024,2,8,22,0.0,23.029605982073267,0.158470779654759,102.25342727163998,0.2026719937521884,23.029605982073267,0.18159601915452062
2024,2,8,23,0.0,23.49236224400003,0.1702782860317536,96.75822721378172,0.1894744283776143,23.49236224400003,0.18122118658235997
2024,2,9,3,1.508774957479054,27.604574243527395,1.6332363509055432,111.1956145888097,1.1015063302461268,27.609100568399832,0.17788662853959614
2024,2,9,4,2.385894569997343,27.850724923520517,2.0932253247189387,104.78720646140025,1.2929663811742989,27.857882607230508,0.1776851150881433
2024,2,9,5,2.4496905342016797,28.99577586838453,2.945027158665921,99.22895586004982,1.778969340508519,29.003124939987135,0.17675746879861043
2024,2,9,6,3.3083325226207427,31.090684030868267,3.271160107152564,102.1985837440368,1.962475034336952,31.10060902843613,0.17505850668696674
2024,2,9,7,2.741180219417885,31.462536586970835,3.9466930223306815,99.18186779820776,2.8347131532334924,31.470760127629088,0.17475868429662042
2024,2,9,8,2.4618952770056506,30.77606153374862,4.426116892928324,108.60667864969125,2.650795249757456,30.78344721957964,0.1753154077521405
2024,2,9,9,1.8865292279529424,29.83484452666568,4.727621612111277,100.38739740479504,3.136845831845305,29.84050411434954,0.17607919166737687
2024,2,9,10,1.3943713093436063,28.984196043396903,5.160064802765763,107.26909677602217,2.9885483411467693,28.988379157324932,0.1767694128825668
2024,2,9,11,0.5372220944061656,28.22631389892349,4.437043877105593,107.66863451670744,3.4474239000308367,28.227925565206707,0.17738538029218257
2024,2,9,15,0.0,23.92844454717445,3.9428618408593374,107.70059452770862,3.3346850180034067,23.92844454717445,0.1808679599167887
2024,2,9,16,0.0,24.080145242207408,3.648739253857859,105.6657643848328,3.5919428855316724,24.080145242207408,0.180745082353812
2024,2,9,19,0.0,23.94900148042268,3.4260586195379807,108.22207865668123,3.1628209209188443,23.94900148042268,0.18085130880085762
2024,2,10,5,2.6180425031862806,29.06283153062391,4.201512989522606,98.95662452820588,2.7425276826540466,29.07068565813347,0.17670274461691188
2024,2,10,6,3.1945781527795423,29.688555515663094,4.34981834375555,93.34540733383956,3.326820609682404,29.698139250121432,0.17619450720740165
2024,2,10,7,3.102494494847364,31.62287487143747,5.144952827917164,107.9389447451423,3.29065613683441,31.632182354922012,0.17462793229251317
2024,2,10,8,2.559649355817597,30.97094005804578,5.71710080404969,100.89302763906475,3.74089869390919,30.978619006113234,0.17515731860504827
2024,2,10,9,2.1431718220351765,31.308911373525564,5.572547844698138,93.35268408021687,3.8999688290482415,31.31534088899167,0.17488457387991674
2024,2,10,11,0.6181654541659216,28.25165232757136,4.911190729794243,93.13700669763293,4.07622185769391,28.253506823933858,0.17736465947261357
2024,2,10,16,0.0,25.34428987465833,3.3694416050947225,94.31238453954823,3.2776942033435352,25.34428987465833,0.17972112520152675
2024,2,10,17,0.0,24.32938334924358,3.8373021821794886,106.24819293610425,3.354815335033784,24.32938334924358,0.1805431994871127
2024,2,10,19,0.0,25.03668063455988,3.697013356341009,105.3322567974474,3.7206645389875823,25.03668063455988,0.1799702886860065
2024,2,10,21,0.0,23.85917146001997,3.0745258590521174,95.01713733973465,3.132213315838388,23.85917146001997,0.18092407111738384
2024,2,10,22,0.0,23.394161278352573,3.0791694145376445,107.98646535214544,3.0987919905502626,23.394161278352573,0.1813007293645344
2024,2,11,1,0.1662665124915888,25.89306360281916,3.9462599446314495,96.8116570198559,3.7625404447880415,25.893562402356636,0.17927621445409112
2024,2,11,3,1.690496969456918,27.919788752350417,5.428343573878068,107.32057568729388,3.468399641042687,27.924860243258788,0.17763086320296037
2024,2,11,4,2.4474527225178337,29.53388132556408,5.67454262642824,101.16300619704916,3.805413020877572,29.541223683731634,0.17632160881617737
2024,2,11,5,2.770536132280441,29.187663047404143,5.936518520232946,106.0121025029615,3.938916904053124,29.195974655800985,0.1766012605288012
2024,2,11,6,3.094613084596607,29.745572138323517,5.969107715094264,98.80904907593512,4.037177220253595,29.754855977577307,0.17614856665816236
2024,2,11,7,2.8582899231555903,30.091310003546063,5.652939626141743,98.01887715445056,3.83833443779114,30.09988487331553,0.1758690932526144
2024,2,11,9,2.3378886486420893,30.072081967916336,6.550783233588014,107.86341574138476,4.107556365078401,30.079095633862263,0.17588593253657156
2024,2,11,12,0.0731305406827901,25.991617268372348,4.365404607744327,91.70381158627448,3.7045912564378902,25.991836659994398,0.1791966123054045
2024,2,11,13,0.0,25.730709814198235,3.924454408417716,110.77582739080842,3.623664138543847,25.730709814198235,0.17940812505049944
2024,2,11,16,0.0,22.80088180226488,3.212258007743169,104.23004333664076,2.39902964569163,22.80088180226488,0.18178128574016544
2024,2,11,17,0.0,24.006391875945077,2.698819626187388,99.83346377715672,2.327660923694741,24.006391875945077,0.18080482258048447
2024,2,11,18,0.0,22.990655378733106,3.0139524132845965,103.7200309470485,2.4151974014284616,22.990655378733106,0.18162756914322617
2024,2,11,19,0.0,22.44046730363692,3.30698192960646,93.44408549172188,2.6969960221674443,22.44046730363692,0.18207322148405408
2024,2,11,20,0.0,23.0407912450402,3.4073386426473715,101.30391580675084,3.1706606562707376,23.0407912450402,0.18158695909151742
2024,2,11,23,0.0,22.94012756835999,3.467910082294626,110.84281033565064,3.572342162917401,22.94012756835999,0.1816684966696284
2024,2,12,0,0.0,22.12402205737686,4.035837139187469,95.7566185721361,3.387241288519792,22.12402205737686,0.18232954213352473
2024,2,12,2,0.7887919605989331,25.73379211226578,4.980524327927428,105.78246517408029,3.634842631723908,25.736158488147574,0.17940371162460048
2024,2,12,4,2.133175271933016,28.736329329803112,4.768699725425856,100.01212990260524,3.623362874555252,28.74272885561891,0.1769683896269487
2024,2,12,5,2.911413665014643,29.667622824784637,4.720412564538769,104.32697259058408,3.238617759846512,29.67635706577968,0.17621215077671845
2024,2,12,8,2.478345599986856,30.375116279239368,5.775516303749529,94.93521450054264,3.745782716324817,30.38255131603933,0.17564013343400814
2024,2,12,12,0.0848751325606373,25.087090303019963,3.9600431364262247,100.34374706908416,3.5502606289027536,25.087344928417643,0.1799292506079817
2024,2,12,13,0.0,23.75874735820196,3.491807745136012,110.74171356166823,3.670180138870173,23.75874735820196,0.1810054146398564
2024,2,12,17,0.0,24.41047012485604,3.584409367354769,95.06078365947016,3.4619033149117664,24.41047012485604,0.18047751919886662
2024,2,12,18,0.0,24.22699845940785,3.4339627083835857,103.95137447360317,3.235962281571218,24.22699845940785,0.18062613124787963
2024,2,12,20,0.0,23.38730075835227,3.020290234594569,102.55752811158187,2.710223325048796,23.38730075835227,0.18130628638573465
2024,2,12,22,0.0,24.28010350655001,2.6802887002798874,102.2330012176855,2.684413353806395,24.28010350655001,0.18058311615969447
2024,2,13,0,0.0,23.597308661564487,2.968551560829752,103.32549045096268,2.73054786175503,23.597308661564487,0.18113617998413276
2024,2,13,4,2.127836316468035,28.097715075215085,4.276165217143878,101.33533687097614,3.4061371876350792,28.10409858416449,0.17748568014682675
2024,2,13,5,2.6666460551827647,29.105436398165256,4.949265503868762,91.422678385215,3.353203687874725,29.113436336330803,0.17666811656757203
2024,2,13,7,3.26269948534388,31.602221687739277,5.594454188867415,109.01715442981744,3.745566045103266,31.61200978619531,0.1746442720731818
2024,2,13,8,2.407972120703053,31.010104404299256,6.188886460707182,107.42385503504298,3.696562458119168,31.017328320661363,0.1751259640602643
2024,2,13,11,0.6196008044824183,29.226367253314702,5.672857472760509,94.24991711809348,3.685017441267482,29.22822605572815,0.17657513689486018
2024,2,13,12,0.0757328366009326,27.65653929926769,4.276683434987549,99.1498527195056,4.026853240463134,27.65676649777749,0.17784801913680023
2024,2,13,14,0.0,25.48588402256477,4.134199142877464,106.54941819370116,4.285408144900292,25.48588402256477,0.17960643394172252
2024,2,13,15,0.0,24.357051903153387,3.9791435822939927,110.83974039102324,4.084761833453478,24.357051903153387,0.18052078795844573
2024,2,13,18,0.0,24.06656069779465,3.639935197497413,110.14567516040276,3.440336599110525,24.06656069779465,0.1807560858347863
2024,2,13,21,0.0,23.553143894604872,3.536672297463204,108.8942763390691,2.7763946901573413,23.553143894604872,0.18117195344537004
2024,2,13,23,0.0,23.59747969139701,3.1736325979141173,93.95008476072906,3.2575961740482517,23.59747969139701,0.18113604144996842
2024,2,14,0,0.0,23.901065852911756,3.204640234549785,109.2965944898978,3.004040766134973,23.901065852911756,0.18089013665914147
2024,2,14,1,0.1824262650955022,24.48639362102997,3.4975360923484127,108.67685791108951,3.008474997226076,24.486940899825257,0.18041557787114154
2024,2,14,2,0.9306677934756956,26.363466495610687,4.992742304198914,98.65094280307372,3.499340293542633,26.366258498991115,0.1788933306158172
2024,2,14,4,2.537714104647085,29.22164356414336,4.677250877902407,99.0455592230358,3.417805220765912,29.229256706457303,0.17657430206776956
2024,2,14,5,3.0841460695531,29.86034190077698,5.062131854821914,100.27943858408943,3.765118163361976,29.86959433898564,0.17605562858542162
2024,2,14,8,2.789373387812648,30.81531624837608,5.894412769023595,103.93818836902103,3.478060688717655,30.82368436853952,0.175282815661483
2024,2,14,11,0.6618861728867438,28.298344055518125,5.279289018378083,95.9498810045217,3.894126591108483,28.300329714036785,0.17732673293163018
2024,2,14,14,0.0,24.868956051959763,3.2697577982663546,91.32737468725136,3.590922754781051,24.868956051959763,0.18010614559791258
2024,2,14,15,0.0,25.044379097751712,3.314436804411676,93.7621188559135,2.9561133350555,25.044379097751712,0.1799640529308211
2024,2,14,18,0.0,22.645728676888485,2.960008715137352,99.78046110123567,2.5962900189588574,22.645728676888485,0.1819069597717203
2024,2,14,20,0.0,22.388520298618392,2.956551540843428,96.46255583046536,2.291402998121989,22.388520298618392,0.1821152985581191
2024,2,14,22,0.0,23.605612222181804,3.134121615670872,106.1431829036105,2.493248531380843,23.605612222181804,0.18112945410003273
2024,2,15,1,0.175640703382244,24.13279340930492,2.8208258284571004,93.07356618537747,2.8229798896739897,24.133320331415067,0.1807020105315538
2024,2,15,3,1.4539044797022471,28.412810047136883,4.278254046844334,109.6061564434248,3.1536109307565554,28.41717176057599,0.17723209087393343
2024,2,15,6,2.3454316405391915,30.16084380721456,5.562352658301414,109.0071903435868,3.657048242027454,30.16788010213618,0.17581401711726968
2024,2,15,7,2.687462848283924,31.697725146335102,5.925314093930193,109.1703475929815,3.8488354524708455,31.705787534879953,0.17456831209674722
2024,2,15,8,2.4714910559215792,31.77769324838539,5.755662736906315,105.65149601183748,4.123500770771674,31.785107721553153,0.17450406274554195
2024,2,15,9,1.8153685459850093,30.730966031092976,6.488293674120632,92.84947742528048,4.183594008985986,30.73641213673093,0.17535350616924794
2024,2,15,10,1.6863886459722894,28.821758042947604,5.890808405438448,99.52322461338224,4.325733492438187,28.82681720888552,0.17690027806080272
2024,2,15,12,0.072370340016433,26.87058962831268,4.878938427988824,93.42470916005982,4.219378669127932,26.87080673933273,0.1784846465411405
2024,2,15,13,0.0,25.62497545474014,4.739494793733786,110.79664670184629,4.552289230159274,25.62497545474014,0.17949376988166046
2024,2,15,14,0.0,25.081755553028977,4.150890237935374,97.6563743831936,3.829931306843424,25.081755553028977,0.17993377800204652
2024,2,15,17,0.0,22.83345637781183,3.518937119832228,102.7643595905144,2.970658645117374,22.83345637781183,0.18175490033397243
2024,2,15,23,0.0,23.367925050513943,3.131128837960876,106.51703426243142,3.257840505965436,23.367925050513943,0.18132198070908373
2024,2,16,1,0.1840090287193467,23.585902020936715,3.768200537997952,109.5072861335265,2.8373802566781903,23.586454048022873,0.18114497222110149
2024,2,16,2,0.9412405381733876,26.014772352393777,4.7850110439321805,106.25666392106064,3.548985400575553,26.017596074008296,0.17917574718005327
2024,2,16,4,2.3086593885789446,29.484269669738516,5.584695436471714,104.71125846711358,3.796147546528354,29.491195647904252,0.17636213152519756
2024,2,16,5,2.3576909158079173,29.839961545833766,5.241204445980908,100.43201555993956,3.7179441681673273,29.84703461858119,0.17607390195894923
2024,2,16,6,2.881949474724706,31.23269641262384,6.3008069134596445,103.14950430229558,4.293399190389293,31.241342261048015,0.1749445127685511
2024,2,16,9,2.2764468913325757,30.77614089539816,7.234807477766269,92.58158907600225,5.062617149640242,30.78297023607216,0.17531579410878154
2024,2,16,10,1.729252978130505,28.976299196026527,6.552881948494621,108.48603922051946,4.4891125049631695,28.981486954960918,0.17677499556648166
2024,2,16,11,0.7264713164996802,28.842029159183014,6.026666057585327,101.66237543697672,4.775431489051301,28.844208573132512,0.17688619105576267
2024,2,16,12,0.0728217771685234,27.33790981964986,4.518302387411359,91.5745239672728,4.540540399007054,27.338128284981366,0.1781061160891651
2024,2,16,13,0.0,24.772219810371663,4.325728921133607,109.41698411282202,3.8849720874425326,24.772219810371663,0.18018450195359897
2024,2,16,15,0.0,24.75412404188577,3.747999290632761,100.86372870308614,3.252019269734636,24.75412404188577,0.18019915952607252
2024,2,16,16,0.0,23.913730743873387,3.7847999534514063,108.52066090751408,3.18939490893039,23.913730743873387,0.18087987809746253
2024,2,16,19,0.0,23.32922334354721,3.2418651945659342,108.10199891586412,2.980209823235876,23.32922334354721,0.18135332909172674
2024,2,16,20,0.0,22.724000358157937,3.691030416843833,107.18681500948526,2.9491453333973623,22.724000358157937,0.18184355970989208
2024,2,16,23,0.0,22.418261272695396,3.586695014796617,91.9396392569172,3.449164873872429,22.418261272695396,0.1820912083691167
2024,2,17,0,0.0,21.71782364653312,3.2502877488890944,95.75782837149714,3.093904102106631,21.71782364653312,0.1826585628463082
2024,2,17,3,1.3878400184516446,28.73310347583444,3.961115900569143,108.60756921529158,3.1014064324534223,28.737266995889794,0.17697281373332927
2024,2,17,6,3.413620434205307,31.469599844145492,5.270737898036131,108.88685161845864,3.459580564924256,31.479840705448108,0.17475132902858703
2024,2,17,7,2.827222514061462,31.62141118098777,6.537208324223392,99.88525530128196,3.903146946098743,31.629892848529956,0.17462978679269073
2024,2,17,8,2.748939452349726,31.35743069900065,6.080299307117477,99.4331546609438,4.275662500867068,31.365677517357696,0.17484380121094026
2024,2,17,9,2.2842823485343144,31.16874911764805,6.172613427070504,94.03577870998602,4.570845207221012,31.175601964693655,0.17499776240859813
2024,2,17,12,0.0650505906410964,26.18021199743161,3.8736004570867135,110.1337932842398,3.899105974856635,26.180407149203532,0.17904387020914514
2024,2,17,13,0.0,24.969815854987345,3.884614640033577,94.99801910933688,3.528431830536165,24.969815854987345,0.18002444915746024
2024,2,17,21,0.0,22.877893083444025,1.9580141343993336,94.3910299747061,1.728178855267987,22.877893083444025,0.18171890660241033
2024,2,18,2,0.91924348594924,25.12196606734238,0.8694464847063941,104.16415353349092,0.6349525280587647,25.12472379780023,0.1798989737237818
2024,2,18,8,3.0198607775045363,31.45009979993357,4.049422841347661,95.41654168776302,2.335506086812614,31.459159382266087,0.17476808090036447
2024,2,18,10,1.6619629381242496,31.133211796360587,4.499560191154444,109.36281955427737,2.897794675001001,31.13819768517496,0.17502805987500827
2024,2,18,12,0.0750742855791448,27.445530872300605,3.604924140164626,90.82260144372847,3.8686883003565296,27.445756095157343,0.17801893756292253
2024,2,18,14,0.0,24.295656355451783,3.862890132829291,90.88104330106098,3.5883784187487904,24.295656355451783,0.18057051835208407
2024,2,18,15,0.0,23.57546868120844,4.155949071860029,100.9984138529704,4.038190502521736,23.57546868120844,0.18115387036822117
2024,2,18,16,0.0,23.60362349030807,4.170319471941745,100.65910044105388,3.973681957851244,23.60362349030807,0.18113106497285048
2024,2,18,21,0.0,24.649441286907624,2.765719455824467,93.89217121695296,2.2691304571126456,24.649441286907624,0.1802839525576048
2024,2,19,0,0.0,24.59751614748668,1.0214497142838603,100.68951438948092,0.8041260892803637,24.59751614748668,0.18032601192053577
2024,2,19,2,0.875950680008665,26.761732107057192,1.5793042833758946,99.15661439117169,1.0322287084535104,26.764359959097217,0.17857086843313125
2024,2,19,3,1.8180991368369,28.998497830486272,1.9589867519583088,108.88465641191586,1.4030973569804686,29.00395212789678,0.1767567987764036
2024,2,19,4,2.420326717834789,29.51055823367449,2.3771080178068607,91.10496620406352,1.622209577091486,29.517819213827995,0.17634056643679932
2024,2,19,5,3.276618353436211,31.866561205150347,3.170656133091548,110.57683990322538,1.937447969195051,31.876391060210654,0.17443012324122936
2024,2,19,6,3.2857629602622245,31.412604090238567,3.446969803369192,103.35900205584716,2.05670083085262,31.422461379119355,0.1747978062829133
2024,2,19,8,2.843904934834548,31.87061149903188,3.991404268825728,93.6230011870568,2.503246414043383,31.879143213836386,0.17442789399679254
2024,2,19,9,1.7481233655002235,32.31609640229402,4.547224792988272,91.44443739777016,2.7345014806761263,32.32134077239052,0.1740697139743637
2024,2,19,12,0.0717055372082808,27.39630793590072,4.457364089752113,101.4472955407487,4.034697962754207,27.396523052512343,0.17805881632746498
2024,2,19,14,0.0,26.252731083952515,4.119177505705213,95.5027346476516,3.767235663083471,26.252731083952515,0.17898528782199846
2024,2,19,16,0.0,24.68999103660537,3.783544843366325,96.88752053668544,4.014798489093175,24.68999103660537,0.18025110726034965
2024,2,19,17,0.0,24.96583651367598,3.6991166285285897,95.73778655770116,3.234943317994906,24.96583651367598,0.18002767242392242
2024,2,19,19,0.0,23.721492521170077,2.9623189841806985,103.76567177385894,2.857472108747136,23.721492521170077,0.18103559105785225
2024,2,19,20,0.0,23.14194413763778,2.613589922450528,101.75785918117047,2.355916360499765,23.14194413763778,0.1815050252485134
2024,2,19,21,0.0,24.85427180384637,2.5666754060073558,92.1637810943411,2.1054926354952137,24.85427180384637,0.18011803983888444
2024,2,19,23,0.0,24.876410403746924,1.647267630297995,101.26440353734708,1.3238209584813094,24.876410403746924,0.180100107572965
2024,2,20,1,0.2095216722005682,25.891596298545345,1.2514689962026022,106.79737422812966,1.088491358884661,25.892224863561946,0.17927729786051483
2024,2,20,3,1.699225630572454,28.63305435244281,1.8874320685597576,92.57678029129713,1.3901231909498055,28.638152029334528,0.17705309685623902
2024,2,20,5,2.642293580843021,31.555442355470607,1.4964601553053694,108.80805045213972,0.952277556437496,31.563369236213138,0.17468367091866735
2024,2,20,7,3.414301632114312,32.97800614014966,2.2844651616733787,102.2466260799806,1.234606062975088,32.988249045046004,0.17352951827351273
2024,2,20,11,0.659865739482777,29.87188483270505,4.563808626335197,109.57935433021046,2.8499174691098945,29.873864429923497,0.17605216981176197
2024,2,20,13,0.0,26.14847062189854,4.547894110929359,93.59497156005776,3.952164436275116,26.14847062189854,0.17906973879626217
2024,2,20,14,0.0,25.608939377345077,4.582915690216024,110.71730899696672,4.379442992402876,25.608939377345077,0.17950675910435046
2024,2,20,23,0.0,23.74031272514679,2.788020106084677,103.51305860904183,2.336934151704328,23.74031272514679,0.1810203466926311
2024,2,21,0,0.0,22.17593904920615,2.5060004283070803,102.07960315434651,2.21691466958222,22.17593904920615,0.182287489370143
2024,2,21,1,0.172627524031621,25.08574634897578,2.800142051125276,101.13812889984432,2.063597982320095,25.086264231547872,0.1799301259724462
2024,2,21,4,1.866226216250924,30.045571466102835,3.276075511585854,91.31448717536256,1.954087270518975,30.051170144751588,0.1759085521827512
2024,2,21,5,2.561746653757596,31.961139270946145,2.961243336513247,109.68488465840572,1.947654363185654,31.968824510907417,0.17435525214616499
2024,2,21,8,2.914627283863947,32.540488973361136,3.151963665763509,103.31198499280372,2.0095629750624093,32.54923285521273,0.17388512138727769
2024,2,21,10,1.5415080789848992,31.818067097551825,4.274397254238081,92.1447602909318,2.42169018782486,31.82269162178878,0.17447361978635106
2024,2,21,11,0.6739363853680607,31.597037216362853,4.7010061014648405,90.76263577083289,3.1403479237360155,31.599059025518958,0.17465476218932963
2024,2,21,13,0.0,26.482299893859462,5.262129863945556,91.5071574177726,4.327271900372895,26.482299893859462,0.17879933708597384
2024,2,21,16,0.0,25.34304344078229,3.84806836548253,102.89301188399844,3.529617539525516,25.34304344078229,0.17972213481296634
2024,2,21,20,0.0,24.60519476968216,2.7495723067218125,102.82239393187056,2.777591900448752,24.60519476968216,0.18031979223655745
2024,2,21,21,0.0,24.32814733061366,2.750639913778133,100.49331256480696,2.971035453082429,24.32814733061366,0.18054420066220295
2024,2,21,23,0.0,24.306515282907995,3.0699334132206624,96.68328771661346,3.21860261846908,24.306515282907995,0.18056172262084452
2024,2,22,0,0.0,24.9546537839016,2.8146212866560463,101.31917164379244,2.964011261780727,24.9546537839016,0.18003673043503968
2024,2,22,4,2.1869609296562613,30.610735467007125,4.270268095645294,101.25906855620816,2.935849812933776,30.617296349796092,0.17544998995666516
2024,2,22,6,3.279676033603133,32.9875116726758,4.557071536731924,91.00295171367452,3.158671980718392,32.99735070077661,0.17352214593237095
2024,2,22,9,2.107326567412046,32.20472965753205,5.64519399779169,95.95546263729092,3.2881541247189534,32.211051637234284,0.1741590481738402
2024,2,22,10,1.2844345032005944,32.6742328943258,5.60926788364262,91.35511069119688,3.5203916700171067,32.6780861978354,0.17378075017975333
2024,2,22,13,0.0,28.05818940115969,5.7669044140438,108.59711205161236,4.448583499501516,28.05818940115969,0.17752286658506064
2024,2,22,16,0.0,25.47317982228535,4.849838299201371,105.21509360584147,4.060305750565527,25.47317982228535,0.17961672434394885
2024,2,22,18,0.0,25.69703018902061,4.365468575352237,110.60382168496216,3.714116132206633,25.69703018902061,0.1794354055468933
2024,2,22,21,0.0,24.90754120394229,4.003833289629161,96.55245542001612,3.465391653159767,24.90754120394229,0.18007489162480675
2024,2,22,23,0.0,26.45421155882992,3.722319087124442,108.22589222856456,3.6089778695205617,26.45421155882992,0.17882208863734775
2024,2,23,0,0.0,26.33453936625141,3.4074298835596486,102.75510073908846,3.205482036793143,26.33453936625141,0.17891902311333635
2024,2,23,1,0.1180467800577302,27.46397618858631,4.673664180260079,99.82528945073526,3.8495235897280753,27.464330328926486,0.17800389243356954
2024,2,23,2,0.7232054982521784,27.482807917906232,5.633409321838066,95.22596421602404,3.3881686271426243,27.48497753440099,0.1779871681971352
2024,2,23,3,1.3133974828420605,29.4825917662556,5.01342599827517,105.65836997382152,3.911145310916931,29.486531958704123,0.17636590911344965
2024,2,23,4,1.7711182532376746,30.518975754328796,4.841603541696056,108.97990234240412,3.152566085261602,30.52428910908851,0.1755253258216383
2024,2,23,11,0.5628135466546486,30.98246986894824,5.299869739489282,94.99028646539192,3.733612699451124,30.984158309588203,0.17515283176923355
2024,2,23,12,0.0611614587601732,29.27448650313377,6.20027842605366,93.85378558426032,4.214037593967876,29.27466998751005,0.17653751731011685
2024,2,23,14,0.0,26.556661579677176,5.514975129848194,104.47523782308788,4.671729968570549,26.556661579677176,0.17873910412046148
2024,2,23,15,0.0,27.58974082135477,4.736078073164067,110.185746087712,3.630708039855064,27.58974082135477,0.17790230993470263
2024,2,23,16,0.0,27.04658672074215,5.0632028919838445,105.65009645461846,3.916404315489265,27.04658672074215,0.17834226475619885
2024,2,23,17,0.0,27.517918034421346,4.55190471423231,96.2753336311168,4.102440547930492,27.517918034421346,0.1779604863921187
2024,2,23,18,0.0,26.333561002382396,4.116092336784303,98.97966322300516,3.74472612551391,26.333561002382396,0.17891981558807024
2024,2,23,19,0.0,27.50664221053851,3.7686187553755337,98.20409037852602,3.2969335287510884,27.50664221053851,0.1779696198094638
2024,2,23,20,0.0,27.53738850606089,3.4202393712163075,107.55570148267344,3.56973432320772,27.53738850606089,0.17794471531009068
2024,2,23,21,0.0,27.17859687675535,3.280527874123929,105.90183894754298,3.4087051169002747,27.17859687675535,0.17823533652982818
2024,2,24,0,0.0,26.58578495166631,2.66037292866848,102.39018574740176,2.674203566775238,26.58578495166631,0.1787155141891503
2024,2,24,5,2.6299185049851364,32.43473760574756,4.502768103230983,96.26317566560158,2.901943897773586,32.44262736126251,0.17397147183737735
2024,2,24,6,2.9885851309323104,32.65748848508917,4.967653251639559,109.51021297126675,3.247706397556313,32.66645424048196,0.1737901720652096
2024,2,24,9,2.20142290602687,31.380307725825222,5.45388219275037,103.47856971336448,3.6513852010430297,31.386911994543304,0.17482660128441993
2024,2,24,11,0.5613836686806701,30.36408137029544,4.967057340893265,109.87999392042968,3.464876293002567,30.365765521301483,0.1756537299277458
2024,2,24,14,0.0,27.305506004119863,4.012935327208744,102.28307634326823,3.6041139189684417,27.305506004119863,0.1781325401366629
2024,2,24,17,0.0,27.21077028053581,3.855571087456645,107.15817976792646,3.1116831870661508,27.21077028053581,0.178209276072766
2024,2,24,20,0.0,25.752602632512644,2.348058004657761,106.81467054734756,2.3482138047525805,25.752602632512644,0.17939039186766476
2024,2,24,21,0.0,25.102738030050112,2.206739282687688,97.22063375680152,2.015203053451778,25.102738030050112,0.1799167821956594
2024,2,24,22,0.0,25.867345043479013,2.3258382313028862,109.81588848999438,1.9119289446673524,25.867345043479013,0.179297450514782
2024,2,24,23,0.0,26.40875163933291,2.3742711893160897,90.92719903045182,2.104004307321819,26.40875163933291,0.17885891117214034
2024,2,25,1,0.1941752702979736,25.574427816538183,2.6289684628029546,106.09076285894066,2.224787038395144,25.575010342349078,0.17953424162269724
2024,2,25,2,0.7990300232816354,27.131995837071205,3.692634969190829,110.12004416397396,2.2709432931002893,27.13439292714105,0.17827114172901573
2024,2,25,6,3.139285608452828,31.91376190754536,3.993500380583604,97.41689994850792,2.3926198927844866,31.92317976437072,0.17439222439085972
2024,2,25,13,0.0,25.970429269764008,4.4687903570267,103.61087368988112,3.557423925700488,25.970429269764008,0.17921395229149115
2024,2,25,14,0.0,25.18444127903988,3.520391468201337,101.9734251448618,3.852126863583804,25.18444127903988,0.1798506025639777
2024,2,25,17,0.0,25.2839662448825,3.5709345004434474,106.02989530460133,3.5440605842339337,25.2839662448825,0.17976998734164515
2024,2,25,18,0.0,26.250741603002115,3.0802081568719557,108.09628805361793,3.1674021840327184,26.250741603002115,0.17898689930156828
2024,2,25,19,0.0,24.536936798647428,3.3329624054627764,102.72428717999992,3.421595277862293,24.536936798647428,0.1803750811930956
2024,2,25,20,0.0,25.147858118033835,3.344354582348435,106.9347366596494,3.0702308382922605,25.147858118033835,0.1798802349243926
2024,2,25,23,0.0,25.44440154585217,3.4414230714313057,96.80393664458826,3.4935014226087646,25.44440154585217,0.17964003474785975
2024,2,26,1,0.229184222632854,26.96636519382177,4.3077243450208655,95.28102923290209,3.5095892978699164,26.967052746489667,0.17840668727534337
2024,2,26,2,0.9574773390413104,28.610950798008865,4.504370644786012,99.43184462711926,3.364511858424124,28.61382323002599,0.17707280318367893
2024,2,26,3,1.8741050190833184,28.783938761217485,5.291269089601041,104.4867245795402,3.636279245503663,28.789561076274733,0.17693045552821746
2024,2,26,4,2.217281076576362,31.17076858875824,4.981314148625958,94.6073924173792,3.3187792772553424,31.17742043198797,0.17499628945008974
2024,2,26,6,3.291714520517849,31.08083794656173,6.29219834293972,104.3840966718606,3.689125732272832,31.090713090123284,0.17506652239700013
2024,2,26,11,0.7094076086749057,29.89183387599711,6.105882620955394,98.43001146008145,4.668224133117027,29.893962098823135,0.17603589069995326
2024,2,26,14,0.0,26.655492069267225,4.702431234976152,106.77997982277104,4.350536090838376,26.655492069267225,0.17865905142389354
2024,2,26,15,0.0,25.499043715172306,4.4946736548872535,91.53519944587624,3.873350669699173,25.499043715172306,0.17959577459071044
2024,2,26,18,0.0,25.694637001359297,4.340952934096452,104.22787383974324,4.186980467143768,25.694637001359297,0.17943734402889897
2024,2,26,20,0.0,24.72910747552099,3.6010880396910867,103.72772150480364,4.028286459062104,24.72910747552099,0.18021942294482798
2024,2,26,21,0.0,26.07319430190312,3.847804888920784,109.5695586182116,3.4607391817871567,26.07319430190312,0.17913071261545846
2024,2,26,23,0.0,24.725796171091297,3.187143355583473,105.00764926388752,3.401862668516524,24.725796171091297,0.18022210510141606
2024,2,27,1,0.231731011123763,26.282088940931438,4.54576820259582,106.82640925085758,3.425439450677126,26.28278413396481,0.1789609448514885
2024,2,27,3,1.855950399943605,28.337552572574523,5.296096846217743,109.14031097413888,3.372126834324455,28.343120423774355,0.17729207245674278
2024,2,27,5,2.836245846678431,30.74232968926241,5.745577560686947,104.47394812647866,3.410201229158476,30.750838426802446,0.17534182087429
2024,2,27,11,0.7508901490083622,30.463912741606304,6.632389937166511,96.33956990631502,4.73556770196961,30.46616541205333,0.1755724060162368
2024,2,27,13,0.0,26.94617278888266,3.8867981857674,108.13650477601296,4.149596660956911,26.94617278888266,0.17842360004100505
2024,2,27,15,0.0,26.353943739548143,3.409428654215909,105.8436506698304,3.298379617534108,26.353943739548143,0.17890330557096598
2024,2,27,16,0.0,24.681702330424088,3.008921636860728,99.34560422311404,3.0913738039984406,24.681702330424088,0.18025782111235647
2024,2,27,17,0.0,24.13912575323964,3.261681200080892,105.08595235400443,2.5231650494964266,24.13912575323964,0.1806973081398759
2024,2,27,18,0.0,24.63613692695766,3.053557231855624,108.19113700846312,2.547603843381701,24.63613692695766,0.18029472908916427
2024,2,27,20,0.0,24.239336564454685,2.7631695674003405,110.24678001343187,2.46559791678114,24.239336564454685,0.1806161373827917
2024,2,27,21,0.0,23.339893027515974,2.825548770329861,109.7558357746958,2.4068840272925205,23.339893027515974,0.18134468664771206
2024,2,27,22,0.0,24.10643913916282,2.578520638028832,97.12419849710864,2.2058456655403145,24.10643913916282,0.1807237842972781
2024,2,28,0,0.0,22.753555068877468,3.0028892238374287,99.1327547817116,2.4049938389066,22.753555068877468,0.18181962039420924
2024,2,28,4,2.650413130198519,29.63273046186104,4.014598209112783,93.04810590807324,2.816981870055505,29.640681701251637,0.17624104782198616
2024,2,28,5,2.909802683503244,31.213966789086577,4.761845014918949,95.76746335772803,2.8362454304080327,31.222696197137086,0.17495961608031896
2024,2,28,6,3.325582417427201,32.487317399270026,5.225944077952897,108.44502250859507,2.903263182707745,32.49729414652231,0.17392719174131693
2024,2,28,13,0.0,26.28294186436089,3.3164688093173047,97.81974391644584,3.704026825971176,26.28294186436089,0.1789608170898677
2024,2,28,14,0.0,25.10378177211497,3.383297550001624,103.14841275473528,3.5201286577181023,25.10378177211497,0.17991593676458686
2024,2,28,16,0.0,24.211189979656748,2.973786698444792,104.12520300259656,2.748563376074121,24.211189979656748,0.18063893611647802
2024,2,28,22,0.0,22.407891871885496,1.6931043414239566,106.19645940603144,1.1305115418904783,22.407891871885496,0.18209960758377272
2024,2,28,23,0.0,23.519381849416465,1.534569324927307,94.18983980836062,1.2897976363447978,23.519381849416465,0.18119930070197265
2024,2,29,0,0.0,23.23744839598409,1.7750694352681349,96.71127877351935,1.4350234769493164,23.23744839598409,0.18142766679925287
2024,2,29,1,0.2359235215509731,24.246853180836005,1.957505808342176,99.69908060769944,1.441740649729546,24.247560951400658,0.18060947562936547
2024,2,29,5,2.9052589714676755,31.24526281786805,3.065223868674102,98.13357388729844,2.023001711716579,31.253978594782453,0.1749342773382262
2024,2,29,6,2.6959147249903945,33.16414843180666,3.758729711743986,110.4915062525885,2.302120598543935,33.17223617598163,0.17338048869745487
2024,2,29,8,2.8467226790052544,33.81843794417723,4.852057322875093,107.31766919744705,3.253825702350728,33.82697811221424,0.17285014772910645
2024,2,29,9,2.141744246160532,34.14930844591622,4.790690487518621,100.10166314138102,3.065733422928941,34.1557336786547,0.1725838557202897
2024,2,29,10,1.3673589459660298,33.31213391038959,5.584711676586409,108.1340579215902,3.456858412155273,33.316235987227486,0.17326384885034574
2024,2,29,11,0.8202695999954489,31.685222470651112,4.770540438446229,97.49599608179528,3.762449054685935,31.6876832794511,0.1745829765436446
2024,2,29,14,0.0,25.397661984052228,3.071587045772924,106.59401397957107,3.3415086384236616,25.397661984052228,0.17967789379291768
2024,2,29,15,0.0,26.65655278155746,3.1563721777769485,95.34266827218066,3.140757698896452,26.65655278155746,0.17865819224693844
2024,2,29,17,0.0,25.155322494304,2.681031240693044,106.41654816084898,2.366993755867492,25.155322494304,0.17987418877961375
2024,2,29,22,0.0,24.73177354095836,1.5718829239445613,99.8031457267492,1.0034249411005778,24.73177354095836,0.18021726343182373
2024,2,29,23,0.0,23.84438569937171,1.2051340443963867,92.8318963193517,0.8748421626224249,23.84438569937171,0.1809360475835089
2024,3,1,0,0.0,23.53933894246918,0.9069698207367768,96.24806413365876,0.708205550837081,23.53933894246918,0.18118313545659998
2024,3,1,4,2.272362998177344,31.71648829096761,3.4500772800551744,99.0651656022682,2.1945635549565465,31.72330537996214,0.17455412264223066
2024,3,1,5,3.3207249280996427,32.17374902593765,4.034133032643737,105.983223886505,2.758960800775295,32.18371120072195,0.1741811939274152
2024,3,1,7,3.3148461881537,33.52413227750662,5.025012058727909,92.09987187468136,3.779899603376624,33.53407681607108,0.1730873977789824
2024,3,1,9,2.227605909596876,33.83523499953655,5.942477371673299,103.7481709773228,3.641735659946309,33.84191781726534,0.17283804656801505
2024,3,1,10,1.4207333320146591,31.28590097252176,6.174995095911009,104.90446634644135,3.839890436086802,31.290163172517804,0.17490496783026058
2024,3,1,11,0.7734409545405583,30.11175609364921,5.118645031128586,103.70720580564596,3.671216357048385,30.11407641651283,0.1758575981026246
2024,3,1,12,0.0704230666694939,27.56023231929897,3.489430002727933,105.93936517341822,3.696289981830757,27.560443588498977,0.17792604069331583
2024,3,1,15,0.0,25.586151085400456,2.806172866687374,94.4709370319652,2.8220252112746054,25.586151085400456,0.17952521762082563
2024,3,1,17,0.0,26.023973801781725,2.275379139565238,102.72896515214298,2.261485850455258,26.023973801781725,0.1791705812205568
2024,3,1,19,0.0,23.896715860422766,2.101316718476402,109.70436442552464,1.5958689642137538,23.896715860422766,0.18089366015305755
2024,3,1,23,0.0,23.43096529919852,0.6724600076844592,102.89030891970496,0.4389155448017779,23.43096529919852,0.1812709181076492
2024,3,2,0,0.0,24.69011145955231,0.7694417204278196,102.9627593730203,0.5528410594035376,24.69011145955231,0.18025100971776264
2024,3,2,2,0.9213513341721692,27.444101033931933,1.3441247062740065,105.6713519778458,1.025598657851725,27.446865087934448,0.1780180392787731
2024,3,2,3,1.577401118385461,28.43448073999311,2.4537217406394087,97.6017262635496,1.612851438091614,28.439212943348267,0.1772142375158879
2024,3,2,8,2.8550036581933407,34.86341192035863,3.4428647188871646,104.57116942377354,2.4920400955213835,34.87197693133321,0.1720036986856201
2024,3,2,10,1.3193922689820563,33.60093140295286,4.435474631340688,108.80130524359586,2.5461715929620663,33.604889579759806,0.17303003944039455
2024,3,2,11,0.617799928298623,32.41548161970542,4.037911907600384,90.64193363497124,2.9357531534418464,32.41733501949032,0.17399195863421285
2024,3,2,14,0.0,26.439004909591844,3.8955714255659166,108.16481687401478,3.749158007817564,26.439004909591844,0.1788344060232306
2024,3,2,15,0.0,26.832758436896597,3.775165772915981,95.10847108485356,3.4135540231231163,26.832758436896597,0.17851546566611376
2024,3,2,16,0.0,24.467694037421925,3.4070863377299085,99.90150135125218,3.7010570442105735,24.467694037421925,0.18043116782968824
2024,3,2,19,0.0,23.95874317280761,3.955999924589941,107.75346592877852,3.602012300447942,23.95874317280761,0.18084341803002585
2024,3,2,20,0.0,24.08309197394723,3.606795076254856,107.11711200442736,3.455775250230792,24.08309197394723,0.18074269550110272
2024,3,2,22,0.0,24.21955588313141,2.4474430329742884,108.44244544007124,2.141277183939941,24.21955588313141,0.18063215973466357
2024,3,3,1,0.2935338889580672,26.10273480539904,0.7877294559586439,109.63527920513069,0.7233730816102532,26.103615407065917,0.1791060715202766
2024,3,3,3,1.9044820978246595,29.15000872815452,1.62285846564408,99.813838759827,1.0689676156931058,29.155722174447995,0.1766338650386971
2024,3,3,4,2.2872810549450326,30.220221991040788,1.6830077639389731,104.03479624672111,0.967463725633824,30.227083834205622,0.17576606209429343
2024,3,3,5,2.895785012803185,32.39572592685133,1.92027442441856,98.60182631788736,1.0227828363694462,32.40441328188974,0.1740024252416693
2024,3,3,6,2.9514041551262897,33.39298082473814,2.610122700387491,97.69343469029224,1.373941695509029,33.40183503720352,0.17319451361986515
2024,3,3,9,2.399099578535644,34.450981876875574,5.221434194125995,99.0362990356224,3.090630111237835,34.45817917561118,0.17233887486775493
2024,3,3,14,0.0,26.35839418204222,3.928614220702832,105.58506720225353,3.328137852324648,26.35839418204222,0.1788997007125458
2024,3,3,16,0.0,25.45130214231788,3.674362051066078,100.7890339363966,3.5901028756865925,25.45130214231788,0.1796344452647225
2024,3,3,18,0.0,24.836506062502544,3.3992050492644608,106.98264936599404,3.6772311437444847,24.836506062502544,0.18013243008937294
2024,3,3,20,0.0,24.800078631364247,2.9118586181871264,105.46036270250592,2.2541665629349086,24.800078631364247,0.18016193630859495
2024,3,3,21,0.0,24.66010214040498,1.7259577598160154,90.87969898244492,1.546377119632919,24.66010214040498,0.18027531726627197
2024,3,3,23,0.0,23.16438870226787,0.6521192704627797,103.19987076834757,0.4711385498532628,23.16438870226787,0.18148684515116303
2024,3,4,1,0.2404177719614476,25.248091828682327,1.2340133891709304,99.4620349924215,0.9349429619601372,25.24881308199821,0.17979846140358144
2024,3,4,3,1.883871627586278,29.004239600821258,2.345326275587245,99.98511996915684,1.4837291613179713,29.009891215704016,0.17675198811527976
2024,3,4,4,2.532966874346024,30.80374097019391,2.606304618708488,107.28222124266352,1.9850278902999632,30.811339870816948,0.17529281470463826
2024,3,4,5,3.005131498122934,32.9531134784695,3.232714479406279,101.75977699946708,2.0784938575741774,32.962128872963866,0.17355067561289927
2024,3,4,12,0.0863122687921093,28.915053069726632,4.613179082747908,108.2725411388187,3.639710262118369,28.915312006533007,0.17682859727470826
2024,3,4,14,0.0,26.908302806310303,4.251664658337324,104.97547901958386,3.66339435720886,26.908302806310303,0.17845427472688866
2024,3,4,16,0.0,26.21281103142032,3.455474726910797,101.84504321664826,3.389491777907088,26.21281103142032,0.17901762306454955
2024,3,4,21,0.0,23.612267999697785,1.3117705483222275,105.7002859282556,1.0660487055940815,23.612267999697785,0.18112406292024477
2024,3,4,22,0.0,23.885454752956136,1.079304847724604,91.28435281031364,0.8611244771801746,23.885454752956136,0.1809027816501055
2024,3,5,3,1.7254702786204863,28.711134047181577,1.3889536767688906,91.34749398712358,0.9364590932013488,28.71631045801744,0.17698978852900588
2024,3,5,4,2.666647762282036,30.148551458444917,1.8083939927025137,92.4919894172628,1.3971102542955238,30.156551401731765,0.17582319336459726
2024,3,5,5,2.727842615147493,32.958806687789014,2.6251251772022592,99.57094234691728,1.7598249941078818,32.96699021563445,0.1735467379253361
2024,3,5,8,2.053267221075665,34.93483924329144,4.305726083552769,95.12572252535404,2.6275349187073056,34.94099904495467,0.1719477907735867
2024,3,5,9,2.116673985201808,34.47176614901625,4.416072796066014,110.1020297466913,2.6451944286109814,34.47811617097185,0.1723227259015128
2024,3,5,10,1.469853559050175,34.15429887951633,4.495601028711802,101.2290168307922,3.267605733737709,34.158708440193486,0.17258144616344326
2024,3,5,11,0.7614049190621396,31.21876274681678,5.071631486971474,103.69228267578616,3.611640171458062,31.221046961573965,0.17496095196112507
2024,3,5,16,0.0,26.080914503350844,3.474135453279836,96.30278338564344,3.317945982148555,26.080914503350844,0.17912445925228582
2024,3,5,17,0.0,25.272808949811804,3.2620632418122515,97.13992052040598,3.0639415782339907,25.272808949811804,0.17977902475065244
2024,3,5,18,0.0,24.495978364987756,2.7944273057593563,97.35719017931804,2.367965350788005,24.495978364987756,0.1804082575243599
2024,3,5,20,0.0,23.991173741446254,1.5479433580837558,104.51538261634164,1.2586271368026152,23.991173741446254,0.18081714926942852
2024,3,5,21,0.0,25.011767674135093,1.3311791080102904,99.96154736213973,0.9119173050554994,25.011767674135093,0.17999046818395056
2024,3,5,22,0.0,23.99091096541569,1.180184398147043,100.83537068124438,1.2265087876864174,23.99091096541569,0.18081736211801328
2024,3,5,23,0.0,24.15986767528159,1.737035367543109,102.3798119592958,1.6976570084044031,24.15986767528159,0.18068050718302192
2024,3,6,1,0.2230587893106807,24.57068996800309,3.547733841622572,106.13494200326264,2.5987922883671,24.571359144371023,0.18034719909305946
2024,3,6,2,0.8711036312016227,25.88995416130804,3.564039732783655,92.5602156090056,2.264881534001793,25.892567472201645,0.17927702034751666
2024,3,6,3,1.6565453458218813,28.255097626200648,3.042151163614711,106.4767618007514,1.9537110430815372,28.260067262238113,0.1773593455175871
2024,3,6,4,2.234496663955177,30.44307768494709,2.032400758373347,102.17608368990116,1.2124956451857136,30.449781174938956,0.17558567724829946
2024,3,6,5,2.7292614993257884,33.475869625007405,1.6098950311743607,104.23997874095112,0.8967458117204877,33.48405740950538,0.17312791349830065
2024,3,6,7,3.05613787636002,33.611266556762764,2.7903814988992983,97.07241088741806,1.62749149440936,33.62043497039184,0.17301744767398258
2024,3,6,8,2.5991192030389207,35.711332046049016,4.046877440081183,98.60012523062156,2.189818968388161,35.71912940365813,0.1713175051830369
2024,3,6,9,2.176266509739472,35.28092327021966,3.855944149534394,94.95449800045418,2.675689996105216,35.28745206974888,0.1716671638235034
2024,3,6,10,1.3964380037617403,34.50230158106027,4.604971912975103,109.96955094816734,2.3984081752180395,34.50649089507156,0.17229974237499202
2024,3,6,12,0.0850264697657648,29.55317635783927,3.4266157308622884,100.42976574151236,3.670193031681747,29.553431437248566,0.17631172053582864
2024,3,6,17,0.0,26.347617939242,2.9540443728939527,110.72396554563828,3.39486384608222,26.347617939242,0.17890842946921395
2024,3,6,19,0.0,24.541198363699653,2.6420347815265006,100.32463687489982,2.141084979006919,24.541198363699653,0.18037162932540327
2024,3,6,21,0.0,23.17258888133677,1.90005308141955,94.76316588630333,1.7780082669599078,23.17258888133677,0.18148020300611722
2024,3,6,23,0.0,23.098694372743527,2.879327691547649,100.62976336482387,2.4465393655908083,23.098694372743527,0.18154005755807776
2024,3,7,2,0.8757411190079475,27.82059248987477,3.619356999954941,91.48192996289502,2.4169041402165488,27.823219713231794,0.17771319203228222
2024,3,7,5,3.134011714266918,31.5675293866708,3.909307644020581,108.90611149865232,2.1476497613103467,31.5769314218136,0.17467268554833099
2024,3,7,7,3.323379311062387,34.791988270845955,3.841694594858769,106.90286004900828,2.298501262819312,34.80195840877914,0.17206041368888889
2024,3,7,9,2.425996414875467,33.64120317778936,5.021530199530774,104.86131456825152,2.752623859602101,33.648481167033985,0.17299473025470247
2024,3,7,10,1.5235736955170176,33.20279315685516,4.9820872326808,102.52356321863752,3.3815712911748,33.20736387794171,0.17335203525886722
2024,3,7,11,0.7260888544457472,31.36618570142377,4.723541480950838,101.9725924066989,3.4006067599619323,31.368363967987108,0.17484162518593044
2024,3,7,12,0.0849344367967609,30.469057242226118,4.626503449242441,110.42926982085643,3.5621184666643497,30.46931204553651,0.1755698572431154
2024,3,7,23,0.0,23.99214141929541,2.522288049395325,96.02819242893273,2.6435032643060845,23.99214141929541,0.18081636545037072
2024,3,8,1,0.2422998932964792,25.874212931436627,3.8490843270968544,106.30116501227054,3.251413028502351,25.874939831116517,0.1792912987367956
2024,3,8,2,0.9333824184157526,27.376706399080454,4.488312123247993,102.40046892934564,3.0651273189208674,27.3795065463357,0.17807259969746808
2024,3,8,3,1.7827528361858762,30.1920582624902,4.912502186220773,110.41565528435416,3.3045364147689544,30.197406520998758,0.175790100717991
2024,3,8,4,2.487409585075305,31.24975530952081,4.933593666929884,107.45113460075918,3.704393838076664,31.257217538276038,0.1749316537939964
2024,3,8,5,2.725211154759816,33.02742116352575,4.937615803722751,110.80627807696628,3.6976583891606856,33.03559679699003,0.17349116659443806
2024,3,8,6,2.860455016077426,33.91261763977811,4.854408585862806,102.42798213852905,3.752647880896225,33.92119900482634,0.17277382880609066
2024,3,8,7,2.7855857502702417,34.228520858893226,5.523898117944177,94.58956081039848,3.236812235944636,34.236877616144035,0.17251812913092332
2024,3,8,8,2.988110812632566,35.04191873084603,4.65844321643505,100.49405042489305,3.6976255276185257,35.050883063283926,0.17185878471874003
2024,3,8,9,2.1498733570877526,34.31905027134072,5.564646487753493,104.60784490493124,3.274299791362439,34.32549989141199,0.17244634508795628
2024,3,8,10,1.4408827990786897,33.98262452971095,4.783102206812352,105.8775103922092,3.721643266632367,33.98694717810818,0.17272057278573236
2024,3,8,11,0.705591077082205,32.71272787320483,4.767073254972966,90.37924159941818,3.4997396890290107,32.71484464643607,0.17375097583638677
2024,3,8,12,0.0817479409660124,29.12209032131059,4.843430958657062,100.5710143163651,4.569406473342974,29.12233556513349,0.17666090819224187
2024,3,8,13,0.0,28.630327065035285,4.863945087333019,95.23503787236966,5.059470201593738,28.630327065035285,0.17705943507732141
2024,3,8,14,0.0,26.969296038362668,5.561674056848319,108.1862253797524,4.264561066145539,26.969296038362668,0.17840487020892623
2024,3,8,15,0.0,27.18664095648754,5.650261736923177,93.7002098322835,4.970845894002608,27.18664095648754,0.17822882082524508
2024,3,8,17,0.0,26.4648693688926,3.7747553578179622,104.042095953938,3.631892590995992,26.4648693688926,0.17881345581119698
2024,3,8,18,0.0,26.65447014317517,3.7311074975880953,95.94083189124076,3.1331290103107143,26.65447014317517,0.1786598791840281
2024,3,8,21,0.0,23.83108395629948,2.417871855845167,97.61649707860688,2.1358809133370515,23.83108395629948,0.1809468219953974
2024,3,8,23,0.0,23.56248478822744,2.432254110859892,109.40964673382015,2.658901125004468,23.56248478822744,0.18116438732153575
2024,3,9,0,0.0,23.42405339274246,2.5905574500681725,95.406258971963,2.614007038810659,23.42405339274246,0.1812765167518786
2024,3,9,8,2.988556860001648,35.19672257253348,4.714325153013977,92.26765545740444,2.656515367111884,35.205688243113485,0.17173339252307807
2024,3,9,10,1.443654323722565,34.40317672297162,5.41285115277834,91.7238251115914,3.8127079129503576,34.40750768594279,0.17237991877438633
2024,3,9,11,0.7350854792382879,32.74811266557427,6.772879877339959,100.52269910145782,4.604303176065826,32.75031792201198,0.1737222424831703
2024,3,9,12,0.0734581147717408,30.363959191442305,5.921943185034763,103.35868421687876,4.554248906907098,30.36417956578662,0.1756550145517128
2024,3,9,13,0.0,29.18375648365989,4.738774650684362,97.12514810864624,3.8076681275655018,29.18375648365989,0.17661115724823548
2024,3,9,16,0.0,26.415719888338906,3.8027887276194816,104.573353277647,3.4293355244943493,26.415719888338906,0.17885326689044548
2024,3,9,17,0.0,25.5463092885046,3.605230770814933,91.8957073618136,2.9700678427871066,25.5463092885046,0.17955748947631128
2024,3,9,18,0.0,25.1663060559797,3.208888511610408,107.89671974874676,2.870604419203925,25.1663060559797,0.17986529209465643
2024,3,9,20,0.0,26.34426543923877,2.48441364400699,106.97996539437295,1.9284650062941595,26.34426543923877,0.1789111449942166
2024,3,9,21,0.0,25.93087258870738,2.4763430444196524,110.36818498040876,1.807813857622159,25.93087258870738,0.17924599320314702
2024,3,9,22,0.0,25.657230612022243,2.088404872324664,109.41509924563056,2.0367069616581825,25.657230612022243,0.17946764320426198
2024,3,9,23,0.0,24.79935267709134,2.5102126487740595,97.79409848699936,1.94035578148347,24.79935267709134,0.18016252433155602
2024,3,10,0,0.0,24.88981037723645,2.534213132821108,98.74979464021796,2.1989246757657086,24.88981037723645,0.18008925359443848
2024,3,10,2,0.771421977281219,28.85622705779864,3.604127563354808,105.93701412997596,2.272470628078178,28.858541323730485,0.1768745815277783
2024,3,10,4,2.3604698314847186,30.26760948819587,3.424719705930915,93.62700832457848,1.9393892658601075,30.274690897690324,0.17572750037287083
2024,3,10,5,2.7948308579343872,33.38746347387559,3.1977790313382504,97.17570094100223,1.993774170257649,33.395847966449395,0.173199363147176
2024,3,10,6,3.12368352037125,33.699266647416785,3.41560720320446,93.11902237130305,2.022124099650804,33.7086376979779,0.1729460034646379
2024,3,10,7,3.245245970196268,33.84810923682512,3.7448425723237566,99.77159353853057,2.4172740936563604,33.857844974735706,0.17282514557046408
2024,3,10,12,0.0833111310924405,30.535140221484912,4.913693672874045,101.73726218833052,3.6569335954639257,30.53539015487819,0.17551633397454866
2024,3,10,13,0.0,28.24182377135675,4.785004592708951,94.96757275350916,3.620396910863455,28.24182377135675,0.177374122745201
2024,3,10,14,0.0,28.204295037485597,4.119964977972648,91.32932091517898,3.6980277380706346,28.204295037485597,0.17740452101963666
2024,3,10,15,0.0,27.68530876623624,4.041148361747762,105.36835553137956,3.681269655848119,27.68530876623624,0.17782489989934863
2024,3,10,17,0.0,26.61957375086623,3.7385663684775103,91.24082424910664,3.7829756875270224,26.61957375086623,0.17868814526179835
2024,3,10,18,0.0,26.7247462584211,3.3099876572543545,110.43137103773851,3.7303791862119873,26.7247462584211,0.1786029555306789
2024,3,10,19,0.0,25.992076648342486,3.182428825217338,95.20648872495366,3.304427878998346,25.992076648342486,0.1791964179148426
2024,3,10,20,0.0,25.173273705696523,3.307528100838188,104.06291465632752,2.6893692953634045,25.173273705696523,0.1798596482983858
2024,3,10,23,0.0,25.90823060212884,1.981718792880776,99.49446430445066,1.7560978105763705,25.90823060212884,0.17926433321227564
2024,3,11,0,0.0,25.448279631755447,2.004737393906108,92.01421850160284,1.5927585330046006,25.448279631755447,0.17963689349827808
2024,3,11,3,1.541699910059923,28.92545456337984,2.917323461044613,100.58727436221528,1.958862753332612,28.93007966311002,0.17681663547288087
2024,3,11,4,2.256103678600561,32.703288355540614,2.974349172137256,101.47903411055566,1.8635318224348327,32.71005666657641,0.1737548541000731
2024,3,11,6,2.35795146072002,34.661287236648626,3.3596152184760086,108.10034460497884,2.1257290748535294,34.66836109103079,0.17216862751626505
2024,3,11,10,1.4024566084519443,34.25725453095907,5.455018370520167,105.285327979455,3.483744718364816,34.261461900784425,0.17249821586036462
2024,3,11,14,0.0,28.76547367796449,4.032539867353375,92.47443417516988,3.0355497868811656,28.76547367796449,0.17694996632084875
2024,3,11,17,0.0,26.529933313470178,2.860189817771446,95.11566787996487,2.5097479274746006,26.529933313470178,0.17876075401608915
2024,3,11,20,0.0,25.50531999290246,2.196431308827366,96.9306655108259,2.155380345972955,25.50531999290246,0.17959069080574902
2024,3,11,22,0.0,24.761508775351203,2.3877231332586235,92.96521799002852,2.3353333581491227,24.761508775351203,0.18019317789196554
2024,3,12,0,0.0,24.48887355061609,2.906911942502048,99.98065426034528,2.675641226451789,24.48887355061609,0.18041401242400099
2024,3,12,1,0.3207145262304499,26.810294317943452,3.514999534524715,110.75013980027806,2.8945453396819074,26.81125646152214,0.17853288226616706
2024,3,12,2,0.8625169626533847,28.57628802793582,3.9317131637739577,101.34532451091516,2.725838381744132,28.57887557882378,0.17710111078115273
2024,3,12,5,2.8932825529810087,33.16305135263115,3.7300444818404266,105.87553603579138,2.4415565690025973,33.1717312002901,0.17338089772776502
2024,3,12,8,2.850670695023457,36.1406155630802,3.123699770748838,104.27034261411544,2.0726336856870304,36.14916757516527,0.17096917426411612
2024,3,12,13,0.0,30.31181328077269,5.205943226643824,107.74721630275567,3.461911064395011,30.31181328077269,0.17569743124257411
2024,3,12,16,0.0,27.24110140246497,3.1577453353877085,95.11614280269134,2.7940702721854844,27.24110140246497,0.17818470786400337
2024,3,12,17,0.0,27.11174325118621,2.972297019000696,105.93815274077822,2.8180602060210758,27.11174325118621,0.17828948796653918
2024,3,12,18,0.0,26.61812294676234,2.957995524014584,108.44507080264148,2.617089166284337,26.61812294676234,0.1786893204131225
2024,3,12,19,0.0,25.39063505174466,3.0844269603782943,94.05617877588422,2.770152985738048,25.39063505174466,0.1796835856080868
2024,3,13,1,0.32161583810333,25.72369860540792,4.792611911935904,97.68245193760742,3.447307407437882,25.724663452922233,0.179413022603133
2024,3,13,2,1.105520007614025,28.63815284358081,6.233661879524782,110.34289279009629,3.6467412559984753,28.64146940360365,0.17705040978308104
2024,3,13,6,2.521469557334656,35.99996706320967,4.254282916898059,106.32338249095716,2.6783064027913204,36.00753147188167,0.17108389950777583
2024,3,13,7,2.5857726771158065,36.661141418260776,3.9626458089788295,96.16833646066472,3.098824102670872,36.66889873629212,0.17054819202360338
2024,3,13,10,1.538842273016403,35.45581158072967,6.166223723485359,101.62318343322558,3.684255312188131,35.46042810754872,0.17152705323288553
2024,3,13,15,0.0,28.535150054078105,4.89271887015966,98.822171375417,4.028308481597794,28.535150054078105,0.17713652845619673
2024,3,13,16,0.0,27.113033155466145,4.49948250668808,100.58771802440228,4.315408421674177,27.113033155466145,0.17828844314407244
2024,3,13,20,0.0,25.48358751887393,4.217284961845907,97.7150747679294,4.115986543500635,25.48358751887393,0.1796082941097121
2024,3,13,22,0.0,25.43358929344745,4.129083640179843,96.16969875486753,3.635969226975953,25.43358929344745,0.17964879267230754
2024,3,13,23,0.0,25.775076650184158,4.199133377395622,104.16798002320928,3.9779573347561135,25.775076650184158,0.17937218791335083
2024,3,14,1,0.2394848010299386,26.25428263459408,4.777152868447224,106.4259600757663,3.5429839591873584,26.25500108899717,0.17898344911791228
2024,3,14,5,2.880841118778115,34.69672551769519,4.480811415758406,108.34972350883196,2.677299051380561,34.70536804105153,0.17213865188674826
2024,3,14,6,2.8833353607404626,34.71693144825126,3.617869687094069,93.73972422191903,2.4727750780557947,34.72558145433348,0.17212227902198987
2024,3,14,11,0.6481607907248008,33.30950082322753,5.998245829441437,106.86164749270186,3.9342044079245535,33.311445305599705,0.17326772930246423
2024,3,14,13,0.0,28.81596981387541,5.45833838063623,95.60002537693585,4.020260249591773,28.81596981387541,0.1769090644507609
2024,3,14,14,0.0,28.14933350978576,4.918113108620501,99.14786283777003,3.890016140599945,28.14933350978576,0.17744903985707353
2024,3,14,15,0.0,27.365066709769952,4.650899972158563,108.74186428351705,3.372698346148808,27.365066709769952,0.17808429596508632
2024,3,14,16,0.0,26.668451701275085,4.141177173455401,99.7539755021837,3.5470771537006,26.668451701275085,0.17864855412196717
2024,3,14,20,0.0,27.088215810915276,2.893785413145021,94.35461227188222,2.375244797991749,27.088215810915276,0.1783085451931586
2024,3,14,22,0.0,25.119529976842717,2.924312711588131,93.60744154640322,2.5274928695169865,25.119529976842717,0.17990318071875738
2024,3,15,0,0.0,25.84273115116112,3.0579454221567763,100.04648741750763,2.7615288466818213,25.84273115116112,0.17931738776755948
2024,3,15,1,0.2526633237760476,27.309289425164827,4.135966073610718,105.97969727403984,2.821306401733181,27.310047415136154,0.17812886159373972
2024,3,15,2,0.9489272287389982,28.42733991937087,4.519253031918633,110.77967806137012,2.6631570948189887,28.430186701057085,0.17722154877214377
2024,3,15,7,3.263691526444961,36.142816977158965,5.530782231988882,106.29806306597484,3.5537397279156004,36.1526080517383,0.17096638747809198
2024,3,15,8,3.0191354875423397,34.38970295686657,5.426405726007493,107.9811541594904,3.874607320318388,34.398760363329195,0.17238700410570335
2024,3,15,10,1.6137113685964484,33.457577540512816,5.731802859220059,105.33449114868507,3.8062147268952953,33.462418674618604,0.17314544087355893
2024,3,15,12,0.0981985586670214,30.07405056096188,5.508402753665956,108.40508204439168,4.1390807693278,30.07434515663788,0.1758897804231233
2024,3,15,13,0.0,27.82623761407399,4.530607518947503,92.0292631560428,3.687665051595748,27.82623761407399,0.17771074753260005
2024,3,15,15,0.0,27.38651468271867,4.347348267818685,109.35882240349034,3.4270794054349603,27.38651468271867,0.17806692310699787
2024,3,15,16,0.0,26.8080595127652,3.908089635772038,98.61361993603472,3.2882142918407826,26.8080595127652,0.1785354717946602
2024,3,15,17,0.0,27.049597455549232,3.8593480883585354,109.15878077152848,3.5534540276295408,27.049597455549232,0.17833982606100512
2024,3,15,18,0.0,27.24665955715304,3.9105404142009728,92.07289615535956,3.265343120778983,27.24665955715304,0.17818020575870602
2024,3,15,19,0.0,25.25158217652407,3.9315272110127,104.8681053817918,3.430926208373699,25.25158217652407,0.1797962184370155
2024,3,15,22,0.0,25.244952773429247,3.330714830471671,105.2792293582605,3.4262813408721846,25.244952773429247,0.1798015882535223
2024,3,16,0,0.0,25.618129474788503,4.385689122311107,110.69679148867856,3.800116061084951,25.618129474788503,0.1794993151254213
2024,3,16,1,0.3404126959559256,26.830370756068767,5.240082597630572,106.20958454656528,3.303437759581872,26.831391994156636,0.17851657248473313
2024,3,16,3,1.6094665727302542,31.109619441684508,4.911850056144452,98.5498676781822,3.629516264021917,31.114447841402697,0.1750472972484638
2024,3,16,6,3.60377484646814,34.706791331666885,4.796954014761981,101.85298582959751,3.127333747906476,34.71760265620629,0.1721287418484729
2024,3,16,7,3.4997568412678497,34.374322602907306,4.66466947562968,97.89553867215912,3.2828084483072666,34.38482187343111,0.1723982942825208
2024,3,16,8,2.718359739663676,35.75020818918566,4.958283191006156,94.37119069604644,3.69063868288769,35.75836326840466,0.1712857257525922
2024,3,16,10,1.548770790915942,34.629659390291344,6.121717535420007,95.36892074555568,4.059310780573104,34.63430570266409,0.17219621238084207
2024,3,16,12,0.0759371862764292,30.427809425099344,4.862080944936155,94.9407438021195,3.731027672998304,30.428037236658174,0.1756032898383069
2024,3,16,13,0.0,29.08221704339701,4.205825625716031,101.59226207354418,3.430114453031208,29.08221704339701,0.1766934041948484
2024,3,16,14,0.0,27.42587287793809,4.052849537241212,108.86926285820329,2.9891993983015377,27.42587287793809,0.17803504296887013
2024,3,16,17,0.0,25.93129188935791,2.7992076719702497,109.03396515592468,2.771554970998774,25.93129188935791,0.17924565356962008
2024,3,16,20,0.0,24.880340478249224,2.926170489241685,91.59629956604437,2.5806215007324527,24.880340478249224,0.18009692421261814
2024,3,16,21,0.0,25.00148394976259,2.681238177235858,92.07429755673688,2.769619778235065,25.00148394976259,0.1799987980006923
2024,3,16,23,0.0,25.666290441791283,3.090623846583564,95.47179543030757,2.6618084710978724,25.666290441791283,0.17946030474214905
2024,3,17,0,0.0,24.78356953342977,3.124164227559933,95.74787713492536,2.4436416777791896,24.78356953342977,0.1801753086779219
2024,3,17,1,0.2981744627408464,25.964195290402703,3.5263759707865567,92.60539643777186,2.48209860723882,25.965089813790925,0.17921827725082934
2024,3,17,2,1.0918950651360289,28.1621754717379,4.308395986415413,98.6003055914683,2.5118100390962037,28.165451156933308,0.177435984562884
2024,3,17,3,1.809523326201079,30.508030059454367,4.489656044961849,102.6702984245102,2.767917278304141,30.51345862943297,0.17553409851015928
2024,3,17,4,2.235709346003964,32.9965179513856,4.8442061876005305,102.45700055929478,3.089846197104968,33.00322507942361,0.17351738768566688
2024,3,17,5,3.3116309611187926,34.14006630600801,5.202671460199467,101.67554237417323,3.2844364343783763,34.15000119889137,0.17258849902889797
2024,3,17,7,2.975884984589632,35.43488968835385,4.872506295440013,97.31536975333736,3.604603242122417,35.443817343307614,0.17154050795192083
2024,3,17,10,1.6389673281653008,34.529457200797985,4.980752823354275,104.57686889526886,3.141745148613145,34.53437410278248,0.17227715697674617
2024,3,17,11,0.8020078541934565,32.60366998990893,4.575980914257311,107.05167424583756,3.5946720673363157,32.60607601347151,0.17383907842908805
2024,3,17,13,0.0,28.417806545169167,3.4446324438489,97.54580843565728,3.360934504176225,28.417806545169167,0.17723157669841297
2024,3,17,14,0.0,27.398828629644445,3.4098825769730223,92.37102427772837,3.1489632435769868,27.398828629644445,0.17805694880998799
2024,3,17,15,0.0,27.09251832693425,3.5511215405469803,96.66523988050528,3.1836996470026557,27.09251832693425,0.17830506015518324
2024,3,17,16,0.0,26.12318406828894,2.730167458004765,93.46152786430258,3.0135334450919795,26.12318406828894,0.17909022090468596
2024,3,17,17,0.0,26.06268127704153,2.8991816001736126,100.0922783536277,2.5368053177031,26.06268127704153,0.17913922816559635
2024,3,18,0,0.0,24.90586708071951,2.854482959754275,93.68672711478212,2.5604613237482607,24.90586708071951,0.1800762476646172
2024,3,18,1,0.2817817827098812,26.61258866097368,2.889727677457161,99.96161910874696,2.390378764524409,26.61343400632181,0.17869311845487934
2024,3,18,2,0.9921430119319344,28.531855245576057,3.398048946369265,95.1754183092649,2.380595256673545,28.534831674611855,0.1771367863435644
2024,3,18,3,1.6691888878018786,31.32500048775896,3.2750518069538805,105.6756838593876,2.076661990391442,31.330008054422365,0.17487269347591788
2024,3,18,6,3.163683844445194,34.904135249088554,4.036204538822227,91.1308935515439,2.493208650519376,34.91362630062189,0.17196996269649625
2024,3,18,9,2.236170906500056,36.45010750605993,4.962261905063807,101.42853933269144,3.069747917820442,36.45681601877943,0.17071997902478867
2024,3,18,12,0.0829372933331953,30.87847833933836,4.136982252947049,93.81935841969376,3.752904712899213,30.87872715121836,0.17523823100751312
2024,3,18,13,0.0,29.131786636533253,4.7395651473767,90.50594441075528,3.8713765004486977,29.131786636533253,0.17665325282440805
2024,3,18,14,0.0,28.17070322725104,4.082872913910858,108.0497825722162,3.649297313624072,28.17070322725104,0.17743173038592666
2024,3,18,16,0.0,26.286188732481964,2.6761106511804265,104.15456964657533,2.8008721202808227,26.286188732481964,0.1789581871266896
2024,3,18,19,0.0,26.890980996662112,2.812826934001587,92.48474015143604,2.256208278067572,26.890980996662112,0.17846830539270367
2024,3,18,20,0.0,24.90701355565032,2.8102219770892645,103.79785459044552,2.39114896536056,24.90701355565032,0.18007531901992324
2024,3,19,0,0.0,24.52177144893837,2.2838937529708705,102.81567445068406,1.827666329467201,24.52177144893837,0.18038736512635992
2024,3,19,2,1.0323030631461207,28.268600640653517,3.365405888004849,100.19324381717236,2.0423506738456845,28.271697549842955,0.1773499249846272
2024,3,19,3,1.7762342099435,30.11935886563342,3.1742487746925736,99.15256623186669,2.3297909446429155,30.12468756826325,0.17584900306970677
2024,3,19,7,3.129096852755253,35.21452026022375,5.23891744029281,108.22623153697712,3.2224473382605248,35.223907550782016,0.17171863488386654
2024,3,19,8,2.8263528686740567,34.86971667237077,5.0962132240942895,95.24461105538164,3.733484577054868,34.87819573097679,0.1719986614579088
2024,3,19,9,2.16843151595511,34.78480898712103,6.321860537162328,98.28948960403056,3.938269882487434,34.791314281668896,0.17206903543184818
2024,3,19,10,1.4924237304484862,34.94331384805781,5.997285667489231,96.9010298751476,3.6411249926668576,34.94779111924916,0.17194228919340818
2024,3,19,11,0.7713921220623293,32.41888441147477,5.078148763014026,105.82463185893944,3.92050015263872,32.421198587840955,0.1739888291438488
2024,3,19,13,0.0,28.15738366413476,3.883022580040929,108.92511730833635,3.1509291847690752,28.15738366413476,0.17744251923205084
2024,3,19,16,0.0,27.151387736767838,3.486100658600516,107.73390384923076,3.7380792149403153,27.151387736767838,0.17825737593321805
2024,3,19,17,0.0,27.40320182410982,3.8972969234556936,106.65337552479494,3.793944079552781,27.40320182410982,0.17805340652247104
2024,3,19,18,0.0,25.434647579063853,3.318876524911377,110.38324012497894,3.4236156663920028,25.434647579063853,0.17964793546095828
2024,3,19,22,0.0,24.289142010741138,2.8517771540710237,104.43142259594627,2.111434682334831,24.289142010741138,0.18057579497129966
2024,3,20,0,0.0,25.353694108561577,2.819057703516908,105.66170438679872,2.046970461971396,25.353694108561577,0.1797135077720651
2024,3,20,3,1.8932413996645676,29.457552575100976,3.561520024650734,110.5442648055326,2.4007499579796736,29.46323229929997,0.176384781837567
2024,3,20,5,3.038441485341994,33.26242813491833,3.5630018802010843,90.78882238108096,2.5272037531272327,33.27154345937436,0.17330004979790675
2024,3,20,7,3.371081491552365,34.14930426603219,4.6268057712145,103.1738361728652,2.791579581202392,34.15941751050685,0.17258087181648946
2024,3,20,8,2.9814983093589245,35.54470379580249,5.216147388799761,105.19854836162207,3.2185170995849,35.553648290730564,0.17145154488450823
2024,3,20,9,2.201724946184011,35.14304202915259,5.676342746688906,108.74662462301444,3.135918863101747,35.149647203991144,0.17177878576476716
2024,3,20,11,0.696402789189573,32.49939569224003,5.840589291487208,108.13989669384672,3.5874582490388978,32.5014849006076,0.17392379723050783
2024,3,20,14,0.0,27.659567631625624,5.337250739376741,107.54435243459876,4.201077738053631,27.659567631625624,0.17784575021838325
2024,3,20,15,0.0,27.40697495056101,4.919232315713362,109.7000193819937,3.55003543055216,27.40697495056101,0.17805035029004557
2024,3,20,17,0.0,26.534611367332843,4.98120756724197,101.4628916029579,4.1292524810897255,26.534611367332843,0.1787569647924604
2024,3,20,18,0.0,27.66151593401798,3.985811090475624,90.75134304469609,3.961245513141966,27.66151593401798,0.17784417209344544
2024,3,20,22,0.0,27.28911655537632,3.0890112657394537,90.74437028418905,3.1957733561526216,27.28911655537632,0.17814581559014517
2024,3,20,23,0.0,26.27774132449209,3.2602990701729038,101.52840563336504,2.732873996196551,26.27774132449209,0.1789650295271614
2024,3,21,0,0.0,26.73306613980601,2.8368627978112517,99.39638289071978,2.790402946342472,26.73306613980601,0.17859621642675713
2024,3,21,1,0.3424105319760256,27.071106359549383,4.393302922988739,99.797295295634,2.7010865746774457,27.07213359114531,0.1783215717911723
2024,3,21,2,1.082881843073107,29.17987180072681,5.085644311352179,98.83136274005204,3.3438091602659883,29.18312044625603,0.1766116724385326
2024,3,21,3,1.7965896253291704,31.052998213347,5.078257997750619,109.2972004726066,3.3127969825729044,31.058387982222985,0.17509270573439936
2024,3,21,4,2.528600076899145,31.90080623703604,4.512936892275356,98.00946598309469,3.003318011404478,31.908392037266736,0.17440420244981394
2024,3,21,5,2.6780164848704517,32.93519905137292,4.77373976767485,107.93868533040968,3.39691506787801,32.94323310082753,0.1735659811883297
2024,3,21,7,3.0130388232537144,33.27199798453389,5.152008315941036,108.6083880847996,3.1098786879733584,33.28103710100365,0.17329235994818704
2024,3,21,12,0.0686612668100274,30.83858692755423,5.33013498012844,100.469987569899,3.568946588384589,30.83879291135466,0.1752705777418027
2024,3,21,14,0.0,29.418675224042897,5.4954280530687925,99.58186269215923,3.544245118813931,29.418675224042897,0.17642087306852525
2024,3,21,17,0.0,28.818927059091664,3.6473284911925674,105.89382272164852,2.7362180296624063,28.818927059091664,0.17690666908213573
2024,3,21,19,0.0,27.77854277013843,2.858994690581536,104.7010591895922,2.7150488840757507,27.77854277013843,0.17774938035618787
2024,3,21,21,0.0,27.18758462473977,2.856020884298024,96.9859563519514,2.425924012496819,27.18758462473977,0.17822805645396078
2024,3,22,0,0.0,26.308569039617417,2.07527530299257,92.474396946078,1.7554114492406412,26.308569039617417,0.17894005907790989
2024,3,22,5,3.551618389041086,34.92859895192699,3.196117617500464,95.83071147247004,2.1381896914824616,34.93925380709412,0.17194920441625375
2024,3,22,7,3.580645196626587,35.49950570906421,4.195838149685682,92.91695594061795,2.5208046857328155,35.510247644654086,0.17148669940783018
2024,3,22,9,2.152893656239657,35.29230814466089,4.934400301219155,96.05766641291024,3.291482286384004,35.29876682562961,0.17165799887124
2024,3,22,10,1.6437292737671862,34.40481232391063,6.040065694085467,95.38880960171456,3.41626985478465,34.40974351173193,0.1723781077554971
2024,3,22,11,0.6865114549275521,33.400503591514365,5.699648819331123,102.95973693468974,3.514451186786677,33.40256312587915,0.17319392386803786
2024,3,22,12,0.0836307842809358,29.85934507769384,6.086751943497728,109.39537234668909,4.107537233987294,29.85959597004668,0.1760637272642622
2024,3,22,13,0.0,28.75049388086274,5.253605751782263,104.09861968280212,4.032762342174842,28.75049388086274,0.17696209995650117
2024,3,22,16,0.0,27.641068000340027,4.0099095191169125,109.086506400914,3.204553120813195,27.641068000340027,0.17786073491972457
2024,3,22,18,0.0,27.080291473649133,2.5592844088160662,106.1370805464092,2.712516426152923,27.080291473649133,0.17831496390634421
2024,3,22,19,0.0,26.260677563842712,2.8177944232074843,104.93395963021258,2.3634397885011014,26.260677563842712,0.1789788511732874
2024,3,22,21,0.0,25.24698258298736,2.0241008532704554,98.51711377739709,1.4849018358433317,25.24698258298736,0.17979994410778022
2024,3,22,22,0.0,24.863110991740523,1.7702058718987026,96.72748019340482,1.5892464412600402,24.863110991740523,0.18011088009669016
2024,3,22,23,0.0,25.32589601656664,2.1098888661258317,107.23563153706182,1.547886204704825,25.32589601656664,0.179736024226581
2024,3,23,0,0.0,25.19247539427439,2.332002519354379,108.52948533074856,2.0566442469573567,25.19247539427439,0.17984409493063774
2024,3,23,2,1.1792617131998882,28.68411598501138,4.040138588232994,99.63187577225676,2.3630335393996136,28.68765377015098,0.1770130004461777
2024,3,23,6,3.473267707593034,35.24293404819467,3.653513785657896,90.59609576876606,2.118264479948749,35.25335385131745,0.17169478338043287
2024,3,23,7,3.3672816088649125,37.07030963678108,4.419312804729594,106.19992822801724,2.7642148522520884,37.080411481607676,0.17021486669989777
2024,3,23,9,2.446145016211672,35.81375988423728,6.00879956611878,95.86406915002188,3.4229426416874245,35.821098319285916,0.1712349103613784
2024,3,23,10,1.6695317428206031,35.310984712496655,6.186495120246473,90.351093487749,3.965362796419226,35.315993307725115,0.17164404542074266
2024,3,23,11,0.8506884356258175,32.68861652432366,5.7057821940511655,106.3331906761174,3.767120097955978,32.69116858963054,0.17377015344239927
2024,3,23,12,0.1122864222564768,30.858081577229456,5.527479890831134,100.649328627667,3.91777039437608,30.858418436496226,0.17525468106643805
2024,3,23,14,0.0,29.319159032774685,3.71031449601364,104.21236557991054,3.134984209157146,29.319159032774685,0.1765014811834525
2024,3,23,18,0.0,25.500214059879937,2.778356355358533,108.91107106250004,2.382982901762822,25.500214059879937,0.17959482661149725
2024,3,23,19,0.0,26.024630622513325,2.409864120030055,101.35784102875677,2.365815730979231,26.024630622513325,0.17917004919576418
2024,3,23,21,0.0,25.32341095968802,2.507927355699665,100.50416252996628,2.430840529270758,25.32341095968802,0.1797380371226527
2024,3,23,23,0.0,25.412460377816164,2.836146031162297,96.2923086391001,2.6919261978683258,25.412460377816164,0.1796659070939689
2024,3,24,1,0.4577288564812363,26.283787541198663,3.771697689815321,96.747772662614,2.732075185930334,26.28516072776811,0.17895901981050782
2024,3,24,4,2.994027897655694,32.6781336437192,4.739418180885168,106.79947421942175,3.314785654048962,32.68711572741217,0.17377343626079614
2024,3,24,5,3.4867987133416323,35.80226567754647,5.075044249246057,99.72293929855664,3.291151178237935,35.8127260736865,0.17124169188031393
2024,3,24,7,3.297403087873984,36.513419303916926,5.517604623157969,93.727549740606,3.867241974849005,36.523311513180545,0.17066611767432377
2024,3,24,10,1.6033529754801858,33.91937913656731,5.806632571167151,92.20300323596194,3.6574030903569774,33.924189195493746,0.17277140675165006
2024,3,24,11,0.7344786584161493,32.57607232442864,6.3011035502276185,99.84629010635082,3.585239122833394,32.57827576040388,0.17386159663407286
2024,3,24,12,0.0926873922778404,32.0076521190285,5.1841747657341966,99.7955959747164,3.733331888761276,32.00793018120533,0.17432357655322367
2024,3,24,13,0.0,28.701217992504382,4.805607227960697,103.69788747404898,3.4681685259055657,28.701217992504382,0.17700201342607144
2024,3,24,16,0.0,27.65095102270736,3.590998309409081,100.19683608143106,3.095935013388613,27.65095102270736,0.17785272967160703
2024,3,24,21,0.0,25.270256157991238,2.8562888229779144,93.35243555591424,2.258541564085476,25.270256157991238,0.1797810925120271
2024,3,24,22,0.0,26.02119818969967,2.6975123665306344,100.67686919598933,2.202570470236674,26.02119818969967,0.17917282946634325
2024,3,24,23,0.0,25.65033718459065,2.236365938990469,108.74134849095574,2.108581608094091,25.65033718459065,0.17947322688048156
2024,3,25,0,0.0096683676847509,25.32390279252363,2.402352163529108,93.76659896744516,1.9587360326760108,25.323931797626685,0.17973761524392237
2024,3,25,1,0.3395667327309166,25.861477963595966,2.72272008750325,104.51127896000992,1.903903576769458,25.862496663794158,0.17930137770232674
2024,3,25,5,3.022264088624363,35.89959041498692,4.6741359238491,102.61070103346556,2.7710203437453487,35.90865720725279,0.17116398766212523
2024,3,25,6,2.180212523848148,35.809334941677434,5.535225420492057,105.62253916434832,3.096648760813221,35.81587557924898,0.17123914078080832
2024,3,25,9,2.280878292605181,36.32315530603715,6.066889148296466,93.35614988878552,3.604913852986416,36.329997940914964,0.17082270166785887
2024,3,25,12,0.096080680634582,31.201078025708405,4.979454459855437,109.39803369315813,3.4889057489037256,31.20136626775031,0.17497689332312225
2024,3,25,13,0.0,29.99844897836545,4.261299002489616,103.0543283923863,3.6322019111921655,29.99844897836545,0.17595125632752398
2024,3,25,15,0.0,27.08858529893328,3.5999733033316708,107.77556585130256,3.2947283901253406,27.08858529893328,0.17830824590786404
2024,3,25,17,0.0,27.18030330705357,2.7811344072687265,95.6820991422662,2.760710979486628,27.18030330705357,0.1782339543212866
2024,3,25,18,0.0,25.79599206262385,2.634022372990239,105.55321206981137,2.793576926164384,25.79599206262385,0.17935524642927467
2024,3,25,22,0.0,24.462718028663563,1.9919843251370544,106.23321364838112,1.873383319102683,24.462718028663563,0.1804351983967825
2024,3,26,2,1.3171154590856042,27.67731168941878,2.9233518687563107,98.751884832413,1.7993500379439056,27.681263035796036,0.1778281769410052
2024,3,26,5,3.119604982217356,34.5937142972804,4.807646957188032,98.40189416869518,3.0255782609003914,34.60307311222705,0.1722215107790961
2024,3,26,6,3.0792071551089903,35.62151811241242,5.415826218413498,103.83675440749838,3.62217451088749,35.63075573387774,0.17138908785555904
2024,3,26,7,3.4558519811953543,36.266412337142846,5.530833298265805,92.38261529556146,3.614629397935564,36.276779893086434,0.1708658082866
2024,3,26,9,2.5599588146610155,36.613939825551206,7.129277444101035,105.20463167447063,3.965359541577097,36.621619701995186,0.1705864880413839
2024,3,26,11,0.7236218337033196,32.946520476460165,6.1621842863581415,91.33019541981152,4.031117376552671,32.94869134196127,0.17356156001301137
2024,3,26,12,0.1097102474146232,31.38872541312644,5.454836828844836,94.38405803915326,3.908524124412665,31.389054543868685,0.17482486581946635
2024,3,26,13,0.0,28.24549500777974,4.4099385665795605,104.00585527084114,3.6430162828098394,28.24549500777974,0.1773711490436984
2024,3,26,14,0.0,28.352197598543988,3.979883765149795,92.68381183390564,3.870940833099772,28.352197598543988,0.17728471994517936
2024,3,26,17,0.0,26.27378246254088,2.783579269550863,110.38894235345278,2.623568035885466,26.27378246254088,0.17896823620534189
2024,3,26,22,0.0,25.815915893909008,2.054160505175555,108.18392041307624,1.5910418622661229,25.815915893909008,0.1793391081259337
2024,3,27,3,2.0373920635875846,31.392415539757927,2.142434390718032,103.61282274260498,1.1909670435043846,31.39852771594869,0.17481719255008155
2024,3,27,5,3.1842200074220437,35.1296595448773,3.5499566196380674,107.3917700299642,2.513940007188481,35.139212204899565,0.17178723811403135
2024,3,27,6,3.728257803845521,37.03028552809067,4.449270597163889,108.65671441995444,2.5873916988692707,37.04147030150221,0.1702464090557832
2024,3,27,9,2.503182036283605,35.946077482587555,5.510271796607136,95.68449845899184,3.702391849978521,35.953587028696404,0.1711275945067559
2024,3,27,11,0.8607914788597006,33.98467265478356,6.610328304984099,107.5766670336608,4.129664059250545,33.98725502922014,0.17272032342633167
2024,3,27,12,0.0992002419416141,30.529238111137417,5.776280096275247,94.48741968949037,4.045478560881798,30.529535711863243,0.17552107607339076
2024,3,27,13,0.0,29.036178064503368,4.590633555059538,98.99401993807034,3.911897733009764,29.036178064503368,0.17673069576775227
2024,3,27,15,0.0,26.961724363244343,3.66811017742759,102.09591239712174,3.3617331069889897,26.961724363244343,0.17841100326577206
2024,3,27,20,0.0,26.327819630650424,1.669317703837946,105.00776399631104,1.2608740928294873,26.327819630650424,0.17892446609917315
2024,3,27,21,0.0,25.68018138242872,1.0664618982252172,91.20080500838992,0.9086803637844828,25.68018138242872,0.17944905308023273
2024,3,27,23,0.0,25.25214095769602,1.1761328303534198,96.49044059217827,0.9211278033852708,25.25214095769602,0.1797957658242662
2024,3,28,0,0.0191485770830725,24.33059087526289,1.4274414011370444,102.93665982893938,1.125708087375036,24.33064832099414,0.18054217485999474
2024,3,28,1,0.4492278482771029,25.09296888430328,2.2830668618814616,97.92455257164625,1.3881891280401872,25.09431656784811,0.179923603580043
2024,3,28,5,3.0790283053735843,36.49073529946506,4.152442911732711,106.30230492104558,2.577014573453252,36.49997238438118,0.17068502236865124
2024,3,28,6,2.9300117118410256,37.82645852797561,3.991186817527349,103.70275800396394,2.465556472945254,37.835248563111136,0.16960344866387997
2024,3,28,9,2.173704835502376,38.36706245182559,4.272519132189065,95.00049957042047,2.8320056643756897,38.373583566332094,0.16916739731127098
2024,3,28,10,1.5793559471432428,36.91398389061342,4.315793766257987,93.18804347266304,3.035338254008528,36.91872195845485,0.17034583521365157
2024,3,28,12,0.0817139034895368,33.53717071799899,4.504977845147748,102.97074744325364,3.990739685757864,33.537415859709455,0.17308469315363534
2024,3,28,14,0.0,30.15408867376525,4.545900523113118,99.59350169876431,4.071683164031247,30.15408867376525,0.17582518817425014
2024,3,28,17,0.0,26.921499519597887,3.653392703516295,94.01411897961616,3.363376223615069,26.921499519597887,0.1784435853891257
2024,3,28,18,0.0,26.47844137491914,3.197564827776798,97.1163017594164,2.945311982744949,26.47844137491914,0.17880246248631548
2024,3,28,19,0.0,25.871771011618254,2.86048237546057,96.55084573470025,2.6156207657364963,25.871771011618254,0.1792938654805892
2024,3,28,20,0.0,26.009827270280603,2.4816633985602814,92.54972253246402,2.533555554446988,26.009827270280603,0.1791820399110727
2024,3,28,21,0.0,25.997017175482128,2.670897176455772,101.32174547076872,2.410998514728155,25.997017175482128,0.17919241608785946
2024,3,28,22,0.0,26.805795705508437,2.8406748084814377,105.68353727169628,2.432491161271325,26.805795705508437,0.17853730547853816
2024,3,29,1,0.4527207367823636,27.121986684136346,3.7472034380938974,102.14884660505524,2.427398540111544,27.123344846346694,0.17828009067445919
2024,3,29,3,2.27066534085966,32.26248517701474,3.867684442214008,107.33542358621752,2.773723495679404,32.269297173037316,0.17411186928983977
2024,3,29,4,2.785193901879648,34.67679405254507,3.726205247614335,93.23625108929652,2.6567380953743176,34.685149634250706,0.1721550287962569
2024,3,29,6,2.8896972918104344,36.49896390050116,4.41778041989303,99.25515446080492,3.113084537820043,36.50763299237659,0.17067881727617495
2024,3,29,17,0.0,27.167014302898878,3.4676659556458294,102.86274486684484,2.900638151626762,27.167014302898878,0.17824471841465192
2024,3,29,19,0.0,27.15201350306717,2.8801943526841622,104.08939139054176,2.348771969485621,27.15201350306717,0.1782568690625156
2024,3,29,20,0.0,27.070611184628955,2.581104420060889,104.44569633172377,1.9406029003544385,27.070611184628955,0.17832280494045055
2024,3,29,22,0.0,26.936503580372516,2.3218624770048906,105.10220508466742,2.064117180194612,26.936503580372516,0.17843143209989826
2024,3,30,8,2.9854724181697008,37.25722210456234,6.10012013049943,103.4613163481448,3.8207781605018174,37.26617852181685,0.17006439539732834
2024,3,30,10,1.6446160693375804,36.69272912416219,6.658617479467987,92.22453465739898,3.9784343519131498,36.6976629723702,0.17052489299238013
2024,3,30,11,0.8777640334246617,34.09386491173837,6.459987755655895,104.34251922896452,3.823697721814382,34.09649820383864,0.1726318364548907
2024,3,30,14,0.0,29.448823416861025,4.852969952188225,105.24802183806328,3.943912862465999,29.448823416861025,0.17639645303234255
2024,3,30,15,0.0,28.486505861034104,3.8170456239155937,110.72658155642858,3.3285391680767678,28.486505861034104,0.17717593025256237
2024,3,30,16,0.0,26.715957586605192,3.432351459290628,104.7189601736415,3.568228425007206,26.715957586605192,0.1786100743548498
2024,3,30,17,0.0,26.20677685394052,2.809940165893978,104.57687443914274,2.959815819568121,26.20677685394052,0.17902251074830816
2024,3,30,18,0.0,25.64152817944892,2.725977715353169,101.04848779716671,2.509423946033969,25.64152817944892,0.17948036217464639
2024,3,30,19,0.0,25.97166816918798,2.817409604490957,108.08849568726988,2.382846974412196,25.97166816918798,0.17921294878295774
2024,3,30,22,0.0,25.84160209753202,2.528954499587907,110.61830274970636,1.890987089681482,25.84160209753202,0.17931830230099904
2024,3,30,23,0.0,24.375510787981447,2.3784118881284613,106.30940559603587,2.160031363327357,24.375510787981447,0.180505836261735
2024,3,31,1,0.5696745346510822,27.18170593676779,2.854930438844147,103.13958262290345,2.1156238624091745,27.183414960371746,0.1782314338820989
2024,3,31,2,1.4251725236788506,28.62765556006216,3.853151235262156,92.44909795574836,2.5684999387612857,28.631931077633197,0.1770581358271171
2024,3,31,4,3.018640811893418,34.053985247958146,3.558211952490664,105.53831654788463,2.2462637055959296,34.063041170393824,0.17265893665198098
2024,3,31,7,3.153901047598472,37.82679229800598,3.891910115614246,104.81709300614318,2.640139107577676,37.836254001148774,0.1696026342590695
2024,3,31,9,2.414687139854867,37.59082902993285,5.006608122221905,105.943959544309,2.780271805503681,37.59807309135241,0.16979556079600455
2024,3,31,10,1.6358566967125692,36.179667027602754,5.2354208741767305,92.85182308828496,3.1998776154748843,36.184574597692894,0.17094049457586874
2024,3,31,13,0.0,30.2491334201597,4.965339226732051,103.67248297253752,4.011915108003271,30.2491334201597,0.17574820192967064
2024,3,31,14,0.0,30.19888808775727,5.020506794794563,96.54751365448712,3.608541312138408,30.19888808775727,0.1757889006489166
2024,3,31,15,0.0,28.20220112387848,3.868699924941203,105.94186284213308,3.0606465151748097,28.20220112387848,0.17740621708965842
2024,3,31,17,0.0,27.269519204057318,3.001592276334418,95.41424694674537,2.991421005193981,27.269519204057318,0.17816168944471358
2024,3,31,18,0.0,26.557895412321244,2.6566099592626795,104.2601791482121,2.724689629082873,26.557895412321244,0.1787381047160198
2024,3,31,19,0.0,27.118420320775297,2.5803042013281003,96.34099829080212,2.5566850848809217,27.118420320775297,0.178284079540172
2024,3,31,21,0.0,26.60247205623164,1.905439644258615,90.52256942260276,1.7052880167694888,26.60247205623164,0.17870199763445235
2024,3,31,22,0.0,26.505019985573504,1.7086347492399965,103.09836030406764,1.51004303198811,26.505019985573504,0.17878093381168544
